; This data has 27 inputs and 5 outputs and is suitable for testing
; distributing the neural network's outputs. ie Step 2 (Menu option: 1, 2).
27 5 200
0.747800	0.710360	-0.381273	-0.286293	0.520408	0.472082	0.598132	-0.044576	0.466305	0.075794	-0.141380	0.232300	0.867060	0.471270	0.476517	0.477016	0.500250	0.498750	0.499750	0.499000	0.499000	0.499500	0.497750	0.498500	0.508499	0.504750	0.505750	0.164544	0.213753	0.523543	0.484761	0.499375
0.104080	0.181000	-0.450537	-0.264348	-0.301311	-0.066176	-0.229508	-0.153998	0.296560	-0.120601	-0.033560	0.179200	4.362150	0.156120	0.666412	0.652036	0.290904	0.371450	0.849284	0.853335	0.573709	0.485004	0.540908	0.524480	0.400112	0.626914	0.899890	-0.134769	-0.110087	1.565823	0.427384	0.851310
0.479240	0.446360	-0.115806	-0.136233	0.195980	-0.058335	-0.002124	-0.024940	-0.547240	-0.032536	0.240760	0.329450	-3.333330	0.339150	0.504250	0.523732	0.310239	0.400112	0.236494	0.414353	0.467546	0.457850	0.529715	0.458347	0.482757	0.600368	0.999998	0.165277	-0.041638	-0.888243	0.415497	0.325424
0.189560	0.136600	0.246174	-0.011703	-0.252632	0.025862	-0.020916	0.121245	0.489160	0.089366	-0.123820	0.670650	0.189660	0.198060	0.605396	0.593391	0.458099	0.453881	0.659260	0.432907	0.498750	0.494000	0.441519	0.489252	0.686326	0.677215	0.000032	0.191387	0.073554	0.352790	0.461765	0.546084
0.532880	0.452680	0.181164	0.375003	0.445313	0.249212	0.430744	0.156286	0.368830	0.167575	0.041440	0.677000	0.339780	0.364260	0.528967	0.513497	0.592667	0.495000	0.306613	0.527472	0.496250	0.529715	0.547358	0.525229	0.412655	0.820244	0.634368	0.316922	0.202749	0.460347	0.498878	0.417043
-0.333120	-0.278440	-1.180956	-1.132074	-0.859297	-0.656904	-0.427780	-0.505080	-1.047915	-0.578200	0.180320	1.119400	-0.551880	-0.326520	0.624103	0.598447	0.578837	0.629483	0.873581	0.816828	0.560206	0.551071	0.541901	0.563899	0.540660	0.828353	0.728099	-0.729698	-0.580992	0.080333	0.420870	0.845205
-0.041160	-0.121280	-0.031737	-0.061857	0.263159	0.088889	0.064496	0.134395	-0.087340	0.063784	0.667460	0.652850	-0.855810	-0.048180	0.384143	0.402274	0.171647	0.209822	0.052005	0.048154	0.438070	0.374256	0.387460	0.336485	0.646114	0.936136	0.178286	-0.076509	0.111642	-0.083713	0.223941	0.050080
-0.405920	-0.294840	1.277817	0.679785	-0.116279	0.084112	-0.432084	0.276676	-0.298905	0.158391	0.402080	1.902500	0.165750	-0.181020	0.464808	0.444480	0.493750	0.487752	0.541901	0.536933	0.507249	0.518991	0.490251	0.506750	0.902736	0.836033	0.093384	0.491489	0.180394	0.629077	0.341954	0.539417
-0.925240	-1.061720	-1.361508	-1.339203	-1.000000	-0.870968	0.541000	-0.384891	-0.041155	-0.509946	0.998620	-0.082500	-0.674160	-0.919470	0.367025	0.399632	0.853460	0.647256	0.478513	0.541653	0.447692	0.562177	0.474522	0.524730	0.806589	0.993050	0.612540	-1.211614	-0.627930	-0.558710	0.269581	0.510083
-0.458560	-0.377160	0.802731	0.881637	1.000000	0.200000	-0.732380	0.028710	-0.633325	0.115462	0.157280	-0.186650	-2.279160	-0.207690	0.251807	0.233617	0.137051	0.263278	0.419701	0.263278	0.565128	0.419701	0.494750	0.433889	0.977067	0.449176	0.152516	0.212786	0.114355	-0.891167	0.135613	0.341490
-0.525160	-0.478680	-0.349353	-0.207426	0.428572	-0.090909	-0.175668	-0.257538	-0.288265	-0.061206	-0.216900	-0.589700	0.057240	-0.450570	0.361006	0.385090	0.692110	0.627849	0.507999	0.508499	0.413625	0.503500	0.457602	0.506500	0.657686	0.382016	0.004893	-0.414017	-0.174224	-0.327677	0.323097	0.508249
-0.448440	-0.768800	1.473660	1.803468	-0.428572	0.230768	0.734736	0.690883	1.087205	0.688848	0.937300	-0.128200	-1.034490	-0.240900	0.348418	0.363779	0.401553	0.461079	0.512248	0.494250	0.482757	0.471780	0.482507	0.494000	0.306188	0.176972	0.536684	0.352430	0.460826	-0.467863	0.266786	0.503249
0.373120	0.721480	-0.966966	-1.305702	0.500000	-0.142856	-1.004152	-0.570336	-1.490430	-0.669865	-0.943940	0.821750	-0.132210	0.217410	0.368653	0.306188	0.949310	0.954610	0.487003	0.513247	0.577617	0.672387	0.565619	0.647713	0.979265	0.421895	0.104425	-0.122743	-0.356596	0.302317	0.559234	0.500125
0.347240	0.369680	0.437241	0.529752	0.200000	0.571429	0.137408	0.111814	0.189505	0.189196	-0.420900	-0.523650	1.322580	0.238890	0.568075	0.642906	0.102753	0.077988	0.516494	0.489502	0.397953	0.344795	0.410718	0.351831	0.021605	0.898894	0.439301	0.403461	0.341622	0.345940	0.326122	0.502998
-0.594520	-0.635920	-0.284823	-0.438822	-0.200000	-0.222223	-0.216748	-0.178392	-0.121250	-0.207588	-0.424920	-1.258700	-0.427290	-0.475680	0.563407	0.566111	0.685249	0.663739	0.512248	0.574443	0.509749	0.514746	0.505750	0.515745	0.172644	0.202620	0.942892	-0.460372	-0.200308	-0.720557	0.400565	0.543346
0.674240	0.601000	-0.275715	-0.697215	0.200000	0.000000	0.123308	0.186230	0.569240	-0.146103	-0.821100	-1.466550	1.009290	0.672300	0.334478	0.330705	0.370750	0.357094	0.487003	0.461079	0.482257	0.476767	0.492251	0.479511	0.180199	0.039053	0.288640	0.162643	0.093115	0.071680	0.413065	0.474041
0.128400	0.306320	0.180978	0.703308	0.181819	0.000000	-0.038848	0.000350	-0.453215	0.300501	-1.649660	-0.404550	-1.099620	0.059790	0.641067	0.619164	0.395321	0.343666	0.512248	0.499000	0.508249	0.523732	0.524979	0.489252	0.058415	0.028305	0.904823	0.243649	0.000175	-0.481460	0.411802	0.505624
-0.009400	-0.082360	-0.562800	-0.344499	-0.181819	0.333334	0.153636	-0.397461	0.224570	-0.211685	-1.033140	-0.656300	-0.126390	-0.122670	0.509249	0.552061	0.567093	0.655657	0.516494	0.499000	0.496000	0.499750	0.475520	0.521237	0.006861	0.283737	0.083402	-0.322580	-0.032064	-0.301787	0.432278	0.507747
0.315760	0.393480	0.722142	0.508425	0.500000	0.188405	0.092272	0.425245	0.130590	0.320690	-1.232960	-1.133500	0.243000	0.372060	0.474023	0.456609	0.321257	0.411686	0.482757	0.565128	0.511248	0.456113	0.507999	0.481009	0.062797	0.185276	0.439301	0.557811	0.306825	-0.172813	0.407127	0.523943
0.634880	0.512880	0.546525	0.663672	0.316456	0.286955	0.726708	0.389830	0.264200	0.216716	0.398860	0.434350	-0.154710	0.450060	0.557495	0.574443	0.736722	0.633671	0.575420	0.560453	0.506750	0.548348	0.504250	0.528967	0.052950	0.077201	0.631347	0.529703	0.338393	0.243233	0.590478	0.567937
0.032280	-0.025720	-0.543051	-0.884313	-0.424658	-0.333332	-0.544348	-0.210280	0.001570	-0.162282	-1.527360	-0.025350	0.696480	0.083850	0.640146	0.606112	0.765128	0.746494	0.604201	0.650673	0.575420	0.603005	0.511998	0.533201	0.718493	0.723722	0.424091	-0.284386	-0.271806	0.251660	0.568346	0.627437
0.436240	0.586480	0.130284	0.144384	0.511627	0.417323	0.133796	0.006770	0.231690	0.083304	0.458020	-0.229250	2.143230	0.261990	0.485004	0.470285	0.236133	0.202620	0.371217	0.330483	0.439301	0.435118	0.497750	0.471282	0.037507	0.490751	0.822299	0.358382	0.212047	0.725323	0.331206	0.350850
0.507480	0.451520	0.274629	0.386673	0.044118	0.000000	0.235116	0.094658	0.029820	0.080394	-2.118300	-0.102550	-0.232410	0.277020	0.593873	0.627615	0.560206	0.539915	0.678088	0.731452	0.512248	0.501250	0.511498	0.511248	0.723722	0.382016	0.994165	0.363075	0.047329	-0.019313	0.519726	0.704770
-0.351960	-0.272160	-0.965058	-0.944106	-0.543477	-0.200000	-0.272924	-0.360176	0.005640	-0.177479	-0.202020	-1.102950	-0.136230	-0.163500	0.615384	0.597005	0.642217	0.628550	0.524979	0.499000	0.524480	0.525478	0.499500	0.512997	0.019040	0.449176	0.362160	-0.618609	-0.280088	-0.467560	0.463931	0.511990
0.350240	0.340080	0.251421	0.393708	0.125000	0.047619	-0.196440	0.020911	0.120945	0.129928	1.055760	-0.488050	0.836820	0.252990	0.380365	0.404681	0.155251	0.246011	0.299433	0.360545	0.469787	0.421163	0.498000	0.469040	0.425069	0.089970	0.421163	0.295751	0.034265	0.200587	0.287860	0.329989
0.148240	0.074600	0.801981	0.764907	0.553720	0.294118	0.703012	0.463185	0.557940	0.300370	1.405120	0.728550	0.599550	0.190170	0.573709	0.568320	0.581029	0.589283	0.524979	0.527472	0.480260	0.502500	0.505500	0.518741	0.866111	0.272693	0.897615	0.438291	0.378652	0.506090	0.500502	0.526226
0.098240	0.138080	-0.345594	-0.305010	-0.182392	-0.029788	-0.417116	-0.239315	-0.245275	-0.247113	0.073360	0.759550	0.078930	0.045900	0.518242	0.497250	0.823900	0.745926	0.756760	0.738850	0.575664	0.623634	0.539418	0.573954	0.942459	0.820244	0.837126	-0.103757	-0.134552	0.294793	0.526244	0.747805
0.796440	0.774120	0.062667	0.414852	0.500001	0.335277	0.819096	0.184961	0.675400	0.167277	-0.048840	0.205550	-1.437540	0.525270	0.504250	0.514746	0.319733	0.378246	0.379187	0.465803	0.450414	0.423115	0.478014	0.433398	0.547110	0.836033	0.559960	0.418394	0.260119	-0.235573	0.448449	0.422495
-0.200680	-0.156120	-1.021101	-0.836469	-0.659574	-0.304844	-0.924384	-0.584465	-0.664965	-0.318297	-0.361380	0.076650	1.090080	-0.155670	0.696989	0.685249	0.530960	0.666189	0.900608	0.898348	0.605396	0.555026	0.556508	0.538176	0.482757	0.613726	0.022687	-0.588611	-0.444655	0.337020	0.484743	0.899478
0.068760	0.023320	0.736125	0.501417	0.480519	0.175676	0.492924	0.411606	0.153040	0.128787	0.422360	0.000000	-0.699540	0.053310	0.417754	0.432662	0.177263	0.221663	0.067170	0.115577	0.382016	0.370983	0.439547	0.431435	0.328495	0.546119	0.945833	0.379723	0.293641	-0.215410	0.260530	0.091374
0.460400	0.451200	0.237357	0.132252	0.339130	0.074469	0.471796	0.200611	0.408100	0.080805	0.771920	0.827900	0.191700	0.294090	0.496750	0.483506	0.724920	0.655657	0.777991	0.727703	0.554532	0.564636	0.509749	0.519740	0.713409	0.504750	0.139434	0.344279	0.137540	0.437897	0.530985	0.752847
0.219200	0.282960	-0.088533	0.121536	-0.184615	-0.025381	-0.415604	-0.129809	0.199640	0.110027	-0.181820	0.343150	-0.131520	0.253890	0.611827	0.605157	0.604201	0.550824	0.879107	0.628783	0.566602	0.555767	0.533450	0.514746	0.850433	0.864362	0.627148	0.097214	-0.077595	0.155173	0.525180	0.753945
0.183960	0.097680	0.244899	0.214968	0.123967	0.113164	0.393624	0.194407	0.457700	0.166556	0.761160	0.458250	0.348990	0.035760	0.542894	0.559467	0.459092	0.550824	0.227409	0.451652	0.438562	0.460830	0.517493	0.525478	0.406368	0.689118	0.421163	0.171290	0.153786	0.281000	0.429607	0.339531
-0.760800	-0.669280	-0.432957	-0.525729	-0.651822	-0.288770	-1.077192	-0.330367	-0.816655	-0.139772	0.637860	0.355950	-0.188910	-0.439620	0.532703	0.505750	0.618456	0.600848	0.681788	0.716263	0.555767	0.561930	0.549586	0.553050	0.859965	0.745357	0.718291	-0.551119	-0.309569	-0.090860	0.363627	0.699026
0.499320	0.492800	-0.088173	-0.048849	0.333332	0.085909	0.250628	-0.111043	0.712070	0.101160	0.089340	0.536150	0.463260	0.303330	0.266198	0.294630	0.308744	0.282925	0.061054	0.113649	0.367025	0.405163	0.411444	0.451652	0.836717	0.700987	0.383906	0.202314	-0.012567	0.434247	0.291165	0.087352
0.099640	0.102880	0.204720	0.465789	0.353384	0.225491	0.431608	0.181303	0.267145	0.091682	-0.059460	-0.512600	0.774420	0.079080	0.623634	0.617748	0.466052	0.481259	0.674366	0.615620	0.523483	0.480260	0.571262	0.530960	0.566111	0.785161	0.777646	0.153800	0.203397	0.113633	0.453555	0.644993
0.557040	0.451880	0.262332	0.072717	0.037433	0.009901	0.261488	0.236264	0.166490	0.024935	0.560380	0.234300	-0.253770	0.436830	0.506750	0.507249	0.582003	0.683088	0.831038	0.850941	0.549091	0.533948	0.531209	0.534197	0.469787	0.230942	0.897062	0.357106	0.123083	0.139120	0.543184	0.840990
-0.334240	-0.360680	-1.991424	-1.753848	-0.920792	-0.593751	-0.167376	-0.817447	-0.228870	-0.544381	-0.170620	0.530700	0.539820	-0.340380	0.644741	0.610164	0.621519	0.534445	0.558728	0.522734	0.534943	0.568320	0.520489	0.509249	0.822153	0.639686	0.333811	-1.176052	-0.705599	0.243380	0.414098	0.540731
0.351120	0.373200	2.110437	1.797774	0.826087	0.353236	-0.080436	0.820492	-0.336105	0.513925	0.964520	0.608950	-0.843150	0.349650	0.374959	0.371684	0.079001	0.096651	0.040816	0.026339	0.475270	0.342314	0.466799	0.345699	0.393888	0.785161	0.825779	1.241819	0.586864	0.038483	0.254389	0.033578
0.260480	0.300120	-0.923340	-0.581715	-0.076923	0.114006	-0.151612	-0.375200	0.607270	0.068446	-0.192820	0.111150	0.550650	0.110940	0.584919	0.587830	0.950358	0.914041	0.783808	0.793147	0.488252	0.660158	0.457106	0.634600	0.941033	0.820244	0.087225	-0.311610	-0.130597	0.257580	0.629618	0.788478
0.138760	0.098520	-0.173028	-0.460857	-0.411765	-0.357143	-0.005456	-0.051144	-0.049715	-0.168098	0.035340	-0.765750	-0.325290	0.140940	0.558481	0.568075	0.156963	0.262697	0.448929	0.659260	0.480011	0.400352	0.574931	0.528718	0.369584	0.573464	0.825779	-0.037254	-0.204144	-0.316700	0.337431	0.554095
-0.382360	-0.337640	0.447114	0.480831	0.047619	0.024098	-0.135108	0.174473	-0.159385	0.013737	0.061540	-0.068700	-0.863070	-0.191670	0.520738	0.507249	0.448681	0.360314	0.328716	0.152904	0.498250	0.491501	0.490501	0.430944	0.534197	0.133542	0.291316	0.054737	0.099286	-0.374480	0.329062	0.240810
-0.357040	-0.434200	0.375228	-0.146673	-0.269230	-0.118421	-0.046328	0.131226	-0.382145	-0.178244	0.775060	0.701050	-0.095100	-0.277470	0.358933	0.376132	0.643595	0.643824	0.512248	0.517992	0.483256	0.531458	0.475769	0.503000	0.553544	0.463067	0.090792	-0.029486	0.006403	0.109493	0.349003	0.515120
0.284920	0.387320	-0.620418	-0.340269	0.025640	0.056337	-0.001996	-0.188353	-0.219255	-0.144369	0.786920	1.154700	-0.808170	0.199890	0.368188	0.351147	0.657236	0.448434	0.440533	0.414353	0.493750	0.532205	0.450909	0.446456	0.917511	0.850687	0.443986	-0.116549	-0.066008	0.182140	0.404979	0.427443
1.320240	1.123040	0.534918	0.951924	0.844358	0.504951	1.130172	0.381629	1.176665	0.503779	0.126620	0.422300	0.409590	0.897750	0.564636	0.591942	0.268548	0.400112	0.504000	0.536933	0.498750	0.455369	0.473774	0.468044	0.933454	0.950828	0.116603	0.828979	0.443290	0.576547	0.544598	0.520467
0.325480	0.436280	-0.786498	-0.594756	-0.316667	-0.104117	-0.491612	-0.481784	0.166615	-0.193409	0.575120	-0.252550	0.534000	0.212850	0.834381	0.787011	0.697411	0.809536	0.975398	0.947846	0.665076	0.615620	0.652716	0.673707	0.616094	0.755654	0.740198	-0.175109	-0.292951	0.164767	0.668238	0.961622
0.042440	0.129920	0.495483	0.181899	-0.060344	-0.042254	-0.962856	0.056514	-1.133495	0.013480	0.048800	-0.106000	-0.207030	0.151260	0.585405	0.616094	0.241404	0.268352	0.126088	0.305764	0.414110	0.364010	0.526475	0.410960	0.890806	0.343440	0.802343	0.312702	0.007130	-0.053923	0.372503	0.215926
-0.744120	-0.895880	-0.881385	-1.186515	-0.626866	-0.434597	0.823380	-0.390646	0.888250	-0.171957	0.186020	0.063650	-0.217230	-0.709170	0.490751	0.519490	0.654301	0.563407	0.440533	0.428249	0.382488	0.508499	0.337825	0.503500	0.553544	0.435610	0.373554	-0.888633	-0.412622	-0.287583	0.303756	0.434391
-0.959640	-0.885960	1.387500	1.584210	-0.612903	-0.614458	-0.544580	0.615406	-1.032020	0.130900	1.090680	0.252950	-1.380870	-0.558600	0.251430	0.223220	0.264833	0.214839	0.193567	0.123575	0.594837	0.452642	0.617748	0.442999	0.675025	0.546119	0.369351	0.250770	0.000474	-0.562173	0.079144	0.158571
0.609120	0.718280	0.044904	-0.085005	0.727273	0.536231	0.497896	0.044245	-0.063850	-0.114601	0.199940	0.682650	0.324330	0.521640	0.209822	0.234334	0.892256	0.900429	0.419701	0.274482	0.431189	0.614910	0.362622	0.538673	0.987836	0.664854	0.033994	0.381592	0.290238	0.509540	0.551696	0.347092
0.445720	0.509360	-0.364344	-0.575667	0.012987	-0.104166	-2.071152	-0.543265	-1.968750	-0.453680	-1.061280	-0.204900	0.663270	0.318570	0.663962	0.687617	0.525478	0.454873	0.632045	0.667744	0.560206	0.513996	0.491001	0.462570	0.708064	0.864362	0.687187	0.072508	-0.323716	0.258980	0.530100	0.649895
0.011680	-0.087480	0.331242	0.295641	0.187500	0.271186	1.132444	0.308007	1.099600	0.313609	-0.747400	-1.636200	-0.379110	-0.025290	0.619635	0.634600	0.321912	0.273487	0.504000	0.451652	0.318212	0.383197	0.355030	0.412897	0.013334	0.368886	0.837126	0.121881	0.289597	-0.680200	0.364869	0.477826
-0.344280	-0.435560	-0.231474	0.312249	-0.407407	-0.209677	1.078676	0.244894	1.547620	0.422022	-0.225380	0.240500	-0.213960	-0.318000	0.480260	0.449176	0.661503	0.608736	0.575420	0.646342	0.568320	0.543887	0.561192	0.545871	0.059861	0.013953	0.287409	-0.333517	0.017609	-0.097153	0.376335	0.610881
0.169960	0.247480	-0.048633	-0.223074	0.272727	-1.000000	-0.296628	-0.109621	-0.313255	-0.166476	1.189480	-0.218550	-0.447990	0.144270	0.367025	0.344795	0.381780	0.639686	0.363316	0.378246	0.613489	0.560453	0.651355	0.639916	0.317128	0.652489	0.379423	0.099424	-0.554811	-0.174090	0.375511	0.370781
-0.684000	-0.663240	-0.378114	-0.485115	-0.272727	1.000000	-0.300200	-0.167043	-0.536165	-0.287059	0.181120	0.499800	-0.207420	-0.513960	0.531707	0.554532	0.477266	0.393888	0.575420	0.282114	0.461079	0.469040	0.458099	0.428983	0.988727	0.368886	0.262697	-0.520677	0.416479	-0.073860	0.288687	0.428767
0.047160	-0.060560	0.093612	0.124194	0.314286	0.054545	0.201072	0.007780	0.272790	0.085809	-0.259740	0.363100	-1.316670	-0.078540	0.273885	0.285570	0.348645	0.322567	0.423847	0.727703	0.466052	0.464062	0.440533	0.420919	0.680702	0.785161	0.388173	0.016526	0.031163	-0.344037	0.230425	0.575775
0.024280	0.065200	0.440145	0.576012	-0.033708	0.093751	0.214304	0.269573	0.152755	0.254471	-0.361680	0.021200	-0.178740	0.121080	0.491251	0.458595	0.534943	0.539915	0.591942	0.527472	0.520489	0.501000	0.525229	0.516494	0.269138	0.723722	0.054013	0.252673	0.181662	-0.012153	0.429157	0.559707
-0.533520	-0.468880	-0.874419	-0.992031	-0.409836	-0.296298	-0.629452	-0.471224	-0.749180	-0.494181	0.492340	0.461800	-0.272190	-0.421620	0.484005	0.496750	0.688690	0.727307	0.487003	0.555767	0.524480	0.565865	0.514496	0.576397	0.204240	0.518492	0.413625	-0.671650	-0.383761	-0.077337	0.395026	0.521385
-0.107800	-0.220200	0.262977	0.139617	0.000000	-0.134328	0.453892	0.189210	0.404020	0.046733	0.038880	0.798200	0.598200	-0.047340	0.317995	0.340964	0.197975	0.178433	0.395082	0.351831	0.431189	0.400352	0.424580	0.373086	0.874791	0.775738	0.369351	0.021389	0.027441	0.449687	0.197605	0.373457
0.673160	0.738560	0.705567	0.762132	0.709678	0.389474	0.475660	0.404132	0.107940	0.333671	-0.920160	-0.406150	-0.674670	0.545670	0.443492	0.412413	0.581029	0.536187	0.499750	0.456361	0.545623	0.525977	0.534445	0.504750	0.547110	0.898894	0.779886	0.722064	0.396803	-0.178383	0.503758	0.478056
-0.127680	-0.122520	-0.387309	-0.326175	-0.300614	0.007520	-0.381676	-0.272218	0.191470	-0.112142	0.252100	0.224200	-0.690390	-0.163140	0.678743	0.689332	0.776953	0.758780	0.816378	0.667744	0.560453	0.610164	0.508499	0.570036	0.029974	0.251242	0.202136	-0.254915	-0.132349	-0.209777	0.548134	0.742061
0.652400	0.587080	0.307782	0.402360	0.427136	0.202379	0.867860	0.302131	0.259200	0.151487	-0.323260	0.202100	0.782070	0.371910	0.436347	0.439794	0.321257	0.362854	0.303011	0.503750	0.448434	0.416781	0.517992	0.469289	0.723722	0.652489	0.207181	0.447431	0.252255	0.452027	0.386432	0.403381
-0.035440	0.016600	0.117879	0.009165	0.086817	0.133048	-0.193752	0.037689	-0.022705	0.080020	-0.926760	-0.714600	0.734610	0.108900	0.677870	0.653396	0.640607	0.668631	0.808609	0.654979	0.629250	0.595078	0.527971	0.539418	0.239759	0.639686	0.828495	0.067240	0.085369	0.042970	0.549881	0.731794
0.235120	0.211720	-1.079694	-0.978999	-0.368422	-0.194571	-0.552748	-0.548280	-0.141475	-0.303855	-0.047140	-0.629200	0.625350	0.063630	0.464808	0.482257	0.563161	0.503250	0.612302	0.641987	0.464560	0.515995	0.494750	0.525478	0.040388	0.127305	0.825779	-0.433987	-0.371426	0.019927	0.415421	0.627145
0.021920	0.113200	0.369720	0.683334	0.087719	0.400675	0.073216	0.178912	0.128205	0.258062	-0.158740	1.080650	-0.443640	0.093300	0.553297	0.543639	0.144674	0.184372	0.175810	0.305764	0.417511	0.345699	0.480760	0.413868	0.469787	0.161379	0.800433	0.241460	0.289794	0.243437	0.303856	0.240787
-0.118560	-0.222520	0.429147	0.190677	0.234568	0.063062	0.353900	0.284900	0.011805	-0.014981	1.238280	-0.081500	-0.870630	-0.108900	0.483756	0.512997	0.609450	0.710333	0.562915	0.905081	0.508499	0.528220	0.512747	0.566111	0.381544	0.948191	0.278684	0.103314	0.173981	-0.353677	0.441527	0.733998
-0.060280	0.037520	0.149076	0.223107	-0.013514	0.059761	-0.186532	-0.024723	0.413290	0.130708	-0.264940	0.624750	-0.338100	0.021180	0.437577	0.407333	0.663069	0.580542	0.724321	0.628783	0.550576	0.573954	0.499000	0.493500	0.986534	0.449176	0.140880	0.093298	0.017519	0.102610	0.421940	0.676552
0.026480	-0.082600	0.020604	-0.102957	-0.069596	0.005607	0.249668	0.149504	-0.126630	-0.048607	-0.168320	0.198250	0.368460	0.048930	0.456858	0.488752	0.570282	0.607782	0.482757	0.637609	0.470783	0.491501	0.552308	0.546614	0.284754	0.850687	0.340964	-0.030998	0.077556	0.205213	0.434521	0.560183
-0.270960	-0.219440	-0.703368	-0.576336	-0.558283	-0.358585	-0.429680	-0.364539	-0.307145	-0.116241	0.461420	-0.019750	-0.213840	-0.271050	0.485004	0.450909	0.510498	0.445715	0.419701	0.513247	0.537430	0.556014	0.479761	0.479012	0.363547	0.639686	0.683088	-0.461404	-0.361562	-0.168213	0.324215	0.466474
-0.221840	-0.090000	0.506328	0.549486	-0.220339	-0.128891	-0.288184	0.037490	-0.167180	0.036074	1.174120	0.469850	-0.055500	-0.120270	0.390074	0.409266	0.240855	0.274880	0.175810	0.063032	0.435610	0.385563	0.458099	0.458843	0.843697	0.490751	0.398672	0.208164	-0.045701	0.098027	0.238961	0.119421
0.078240	-0.013760	0.281352	-0.084726	0.500000	0.169493	0.164912	0.201727	0.152310	-0.039170	0.290220	0.745150	-0.021630	0.057990	0.406127	0.449176	0.681788	0.711771	0.444727	0.364937	0.463565	0.507499	0.478014	0.509749	0.990078	0.794456	0.478014	0.133796	0.185610	0.260503	0.461370	0.404832
-0.084240	-0.050560	-0.360132	-0.225849	0.000000	0.024736	-0.220496	-0.207413	-0.366125	-0.023460	-0.246460	-0.284000	-0.385290	-0.095640	0.501500	0.472777	0.633207	0.458347	0.685465	0.680267	0.518741	0.554532	0.515495	0.486253	0.776780	0.898894	0.495000	-0.205346	-0.091339	-0.254977	0.394038	0.682866
0.256160	0.167960	-0.030774	0.060948	0.292308	0.205479	0.471124	0.041259	0.758285	0.057049	0.439300	-0.636350	0.204840	0.143220	0.449671	0.461327	0.335815	0.402755	0.499750	0.532205	0.473026	0.443492	0.456858	0.491501	0.269138	0.307039	0.323004	0.068593	0.123369	-0.096097	0.358558	0.515978
-0.206480	-0.206360	0.224688	0.100500	-0.217391	-0.208792	-0.178208	0.186510	-0.409205	-0.037226	-0.801000	-0.473200	-0.613290	-0.041910	0.558481	0.528967	0.487503	0.523483	0.724321	0.805182	0.558235	0.508999	0.589283	0.515745	0.869097	0.140155	0.605157	0.009164	-0.011141	-0.376133	0.411305	0.764752
0.314840	0.339720	-0.015126	0.046839	0.316456	0.046357	0.504216	0.030746	0.086995	-0.019293	-0.315380	-0.159750	0.386280	0.143400	0.410960	0.413868	0.597967	0.541653	0.317562	0.190618	0.475021	0.553050	0.444480	0.487003	0.035674	0.211818	0.237217	0.162297	0.038552	0.123310	0.421570	0.254090
-0.271280	-0.290600	-0.340437	-0.228774	-0.659575	-0.344681	-0.535720	-0.238478	-0.188750	0.015820	-1.076320	-0.363200	-0.445080	-0.137730	0.577373	0.581759	0.493000	0.519740	0.780914	0.565128	0.572975	0.510498	0.508249	0.492750	0.230587	0.395082	0.683088	-0.315519	-0.291580	-0.315337	0.406828	0.673021
0.071920	0.186120	-0.238170	-0.215361	-0.084745	0.158472	-0.335708	-0.130293	0.144200	0.053257	0.640520	-0.245100	-0.539880	0.032850	0.390550	0.388410	0.360314	0.402755	0.108612	0.176390	0.421163	0.430209	0.475021	0.503000	0.019532	0.272693	0.303011	-0.026025	0.014090	-0.250710	0.314976	0.142501
-0.495040	-0.596400	-0.435897	-0.744102	-0.500000	-0.442178	0.277924	-0.175348	-0.539390	-0.503408	-0.304420	0.608250	-0.963210	-0.450240	0.499500	0.534694	0.418241	0.420432	0.478513	0.633207	0.459837	0.473774	0.514746	0.514996	0.911493	0.343440	0.272495	-0.516149	-0.308763	-0.268400	0.284525	0.555860
-0.007680	0.084320	0.786888	1.039020	0.052633	0.057472	-0.242212	0.309582	0.081995	0.390341	0.346160	0.554700	0.072210	0.084870	0.326293	0.304492	0.381072	0.306613	0.423847	0.224784	0.530960	0.474023	0.438808	0.390312	0.254264	0.843565	0.156567	0.435604	0.183527	0.237260	0.280668	0.324316
0.178600	0.172160	0.046035	-0.019695	0.310344	0.200000	0.136832	-0.004003	0.098210	0.068656	0.110500	0.175700	-0.054120	0.160290	0.474023	0.502500	0.734193	0.785330	0.504000	0.522734	0.470783	0.553544	0.505750	0.567338	0.785667	0.828353	0.536684	0.109098	0.097999	0.093957	0.531267	0.513367
-0.351080	-0.371000	0.263640	0.154599	-0.310344	-0.232143	-0.191036	0.060626	0.220015	-0.026360	0.664020	-0.019450	-0.273570	-0.266190	0.532703	0.529466	0.519240	0.490501	0.537678	0.606590	0.514496	0.498750	0.507749	0.516744	0.609926	0.626914	0.482507	-0.053680	-0.085759	-0.186403	0.361144	0.572134
0.378400	0.388000	0.060528	0.017775	0.354838	0.131313	0.223408	0.108456	-0.157810	-0.029933	-0.319940	0.842250	-0.055320	0.284520	0.369119	0.367258	0.619164	0.566111	0.461576	0.378246	0.477765	0.514246	0.521736	0.491001	0.931884	0.490751	0.391264	0.224264	0.119885	0.357150	0.441234	0.419911
0.190320	0.208800	-0.846555	-0.646782	-0.076923	0.026087	-0.249724	-0.404978	0.107385	-0.012455	0.390380	0.037600	-0.328680	0.094800	0.594355	0.593873	0.530960	0.507000	0.546119	0.560453	0.524231	0.530711	0.480011	0.490501	0.226006	0.921507	0.482507	-0.318878	-0.189446	-0.065427	0.464198	0.553286
0.193000	0.144560	0.002712	-0.018366	0.280000	-0.072727	0.208028	0.071138	-0.160285	-0.202447	-0.278220	0.520850	0.585030	0.084030	0.536933	0.541405	0.201491	0.269138	0.487003	0.513247	0.471032	0.408783	0.509499	0.495250	0.829629	0.532454	0.372151	0.073636	-0.000794	0.396637	0.326599	0.500125
-0.492880	-0.492680	-0.403071	-0.235875	-0.488373	-0.324676	-0.244736	-0.308664	0.060405	-0.035865	0.303720	-0.615000	0.587550	-0.373680	0.538424	0.521986	0.501000	0.493250	0.558728	0.461079	0.521986	0.509999	0.480260	0.456858	0.254264	0.828353	0.731844	-0.447876	-0.316670	-0.133710	0.336196	0.509904
-0.932280	-0.930240	0.891756	0.567246	-0.466666	-0.130435	0.018496	0.451682	-0.627915	0.082289	0.076100	0.393100	-0.157980	-0.609930	0.326293	0.331591	0.397714	0.433889	0.411444	0.382725	0.472029	0.463067	0.504000	0.492750	0.776780	0.140155	0.740198	-0.019242	0.160624	-0.124937	0.175911	0.397085
-0.575760	-0.596480	-0.891756	-1.255812	0.000000	-0.290323	0.234712	-0.337290	0.300840	-0.262393	-0.139940	1.018900	0.503190	-0.492720	0.223567	0.231297	0.756576	0.669517	0.470036	0.470534	0.501000	0.566847	0.437577	0.511998	0.585162	0.765846	0.436347	-0.744118	-0.313807	0.343123	0.277647	0.470285
0.096840	0.008400	1.363281	1.802874	-0.142857	0.352942	-0.027788	0.489977	0.359900	0.469661	-0.799460	0.318900	0.294030	0.191160	0.314535	0.314967	0.243792	0.209822	0.499750	0.456361	0.524979	0.444974	0.524480	0.461079	0.369584	0.958073	0.715653	0.685841	0.421460	0.268030	0.254855	0.478056
-0.740560	-0.701160	-1.226679	-1.457772	-0.200000	-0.483872	0.231456	-0.423170	-0.239405	-0.452435	-0.146800	-0.035250	-0.040200	-0.674730	0.504750	0.479262	0.903087	0.940251	0.495500	0.555767	0.495750	0.601807	0.534445	0.590492	0.044617	0.734583	0.637146	-0.963920	-0.453521	-0.250060	0.430524	0.525634
-0.516400	-0.624280	-1.516743	-1.328484	0.200000	-0.142856	0.213892	-0.509769	0.290325	-0.507882	0.325600	-0.588650	0.117000	-0.457140	0.278885	0.294838	0.111848	0.082338	0.495500	0.428249	0.527223	0.407092	0.472528	0.408541	0.375662	0.477016	0.487253	-1.070512	-0.326313	-0.309597	0.062154	0.461875
0.931640	0.949680	2.349651	2.397300	0.000000	0.555556	0.068632	0.837456	-0.195930	0.823174	-0.318560	0.340600	-0.525120	0.851670	0.337825	0.317995	0.267960	0.313028	0.504000	0.489502	0.528220	0.456609	0.528220	0.461576	0.776780	0.140155	0.559960	1.649666	0.696506	0.222383	0.417696	0.496751
0.512640	0.599080	-0.717201	-0.589230	0.777778	0.160000	-0.171320	-0.391748	-0.125425	-0.306305	-0.490260	0.960550	0.624660	0.260370	0.723122	0.718493	0.972213	0.980237	0.499750	0.569791	0.508999	0.701196	0.476517	0.659485	0.239759	0.745357	0.281102	-0.059061	-0.115874	0.615193	0.730887	0.534771
-0.462800	-0.376560	-0.262500	-0.666417	-0.170732	0.093750	-0.558160	-0.245677	-0.252060	-0.019889	0.058960	-1.049700	-0.327690	-0.281760	0.624103	0.641757	0.173503	0.190002	0.587830	0.536933	0.474522	0.370750	0.485004	0.412655	0.151614	0.955765	0.763506	-0.319530	-0.075964	-0.553050	0.269521	0.562382
-0.089840	-0.101640	-0.451836	-0.281445	-0.096774	-0.014492	0.210052	-0.012703	0.240200	-0.205395	0.688180	-0.143350	-0.383460	-0.074430	0.345699	0.373086	0.401553	0.253506	0.470036	0.527472	0.432416	0.459340	0.474023	0.494500	0.559714	0.035094	0.357783	-0.276738	-0.013598	-0.200413	0.259883	0.498754
0.430600	0.110080	1.284198	1.045971	0.471699	0.190476	0.692400	0.622566	-0.010105	0.394665	-0.880780	0.462950	-0.191970	0.410400	0.450661	0.448681	0.367025	0.418727	0.487003	0.494250	0.521986	0.498000	0.519989	0.466301	0.926763	0.395082	0.338049	0.697139	0.406521	0.227127	0.419099	0.490627
0.243360	0.569320	-0.983556	-0.723555	-0.238095	0.000000	-0.625448	-0.527420	0.454395	-0.204857	-0.499040	0.175800	0.042090	0.120120	0.600848	0.507749	0.909290	0.840640	0.604201	0.574443	0.594114	0.689332	0.496750	0.578837	0.041408	0.811991	0.421163	-0.207118	-0.263710	0.112670	0.595729	0.589322
-0.067840	-0.130080	0.021861	0.008340	0.200000	0.082569	0.093924	-0.242437	-0.009990	-0.007107	-1.317660	-1.590750	-0.560250	-0.147210	0.548596	0.635527	0.130448	0.220974	0.436347	0.499000	0.411686	0.327393	0.546119	0.449919	0.161922	0.639686	0.524480	-0.054110	-0.079934	-0.766070	0.277667	0.467674
-0.165720	-0.154240	0.765270	0.591990	-0.043478	-0.063063	0.264864	0.581789	0.076595	0.258797	-0.403300	-1.165450	-0.405420	0.004920	0.456361	0.439794	0.507249	0.501500	0.550329	0.541653	0.510498	0.468293	0.496500	0.497000	0.017636	0.007622	0.278684	0.305515	0.259363	-0.521983	0.381965	0.545991
0.502600	0.574320	-0.117501	-0.431610	0.108108	0.147542	-0.907760	-0.199722	-1.359490	-0.331097	-0.122360	-0.734400	0.295920	0.410850	0.427759	0.433153	0.794620	0.725120	0.487003	0.465803	0.534197	0.632742	0.506750	0.563161	0.249365	0.033278	0.340964	0.228410	-0.026090	-0.009210	0.558300	0.476403
0.254520	0.239600	0.084255	0.327438	-0.242424	-0.102364	1.014464	0.217509	1.326685	0.289678	-0.152680	-0.181950	0.592470	0.139650	0.624103	0.638994	0.437824	0.320821	0.533450	0.583705	0.395321	0.438070	0.372151	0.420432	0.425069	0.115475	0.627148	0.161928	0.057573	0.183390	0.432278	0.558578
-0.167200	-0.128280	-0.865491	-0.615390	-0.063830	-0.151515	-0.364356	-0.455283	0.155610	-0.129551	0.000000	0.181950	-0.585150	-0.158850	0.553791	0.547358	0.544383	0.631114	0.432171	0.437577	0.618456	0.568075	0.619399	0.562915	0.406368	0.382016	0.740198	-0.496886	-0.303399	-0.187350	0.423559	0.434874
-0.221400	-0.285160	0.770187	0.596124	0.137254	-0.012048	0.210352	0.414177	-0.062705	0.091552	0.651160	0.793000	0.218070	-0.112080	0.425802	0.439301	0.189080	0.280093	0.487003	0.428249	0.448929	0.381544	0.516744	0.465306	0.508499	0.626914	0.271307	0.242514	0.201065	0.299663	0.244439	0.457626
-0.292000	-0.162200	-0.273657	-0.395877	-0.450000	-0.138888	-1.442308	-0.484772	-1.213715	-0.306096	-0.054200	-0.058600	-0.618720	-0.177660	0.410476	0.395082	0.775738	0.710333	0.529217	0.494250	0.526725	0.600128	0.489751	0.520738	0.863067	0.903784	0.597726	-0.217929	-0.311830	-0.284993	0.422794	0.511734
0.058440	0.000000	0.250143	0.620904	0.266668	0.173333	1.040792	0.342298	1.577565	0.382246	0.571940	0.656350	0.078750	0.001230	0.391026	0.430454	0.375897	0.345247	0.423847	0.451652	0.355488	0.387935	0.380129	0.436101	0.469787	0.463067	0.265222	0.125072	0.257816	0.245443	0.308771	0.437750
-0.463920	-0.503080	-0.048543	-0.255642	-0.520000	-0.189189	0.061332	0.016913	-0.845235	-0.162427	-0.025700	0.265350	-0.029940	-0.371760	0.493750	0.477016	0.613251	0.747250	0.533450	0.560453	0.590008	0.562177	0.663962	0.585405	0.847095	0.870682	0.538424	-0.275812	-0.086138	-0.045450	0.391901	0.546952
-0.580480	-0.590640	-0.039999	-0.065079	0.294117	-0.276596	0.059044	0.062562	-0.277675	0.037850	0.386880	0.724650	-0.808320	-0.409530	0.345247	0.339617	0.476268	0.376601	0.444727	0.432907	0.506000	0.503750	0.395082	0.454129	0.489002	0.689118	0.493500	-0.315320	-0.107017	-0.164400	0.225641	0.438817
-0.104440	-0.090560	-0.592719	-0.480495	-0.222220	0.170732	0.048356	-0.332343	0.692335	-0.216171	0.316680	0.435750	-0.079320	-0.123000	0.318863	0.321694	0.481009	0.470285	0.520738	0.437577	0.505750	0.516744	0.470783	0.507499	0.772239	0.898894	0.217550	-0.341640	-0.080806	0.077810	0.293770	0.479158
0.815440	0.696320	0.945918	0.839145	0.611110	0.238095	0.985988	0.565889	-0.263075	0.309794	0.657140	-0.144400	0.384720	0.638730	0.447198	0.452395	0.283128	0.328936	0.482757	0.532205	0.504750	0.428004	0.570772	0.454625	0.739043	0.794456	0.474771	0.821119	0.401992	0.293017	0.430077	0.507481
-0.522480	-0.494920	-0.141546	-0.325527	-0.115385	-0.012987	-0.632740	-0.123528	-0.332160	-0.135332	0.360160	-0.438300	-0.108930	-0.397650	0.698676	0.663069	0.850687	0.807834	0.591942	0.569791	0.652716	0.679832	0.467546	0.569546	0.902736	0.395082	0.652943	-0.318233	-0.068258	-0.314960	0.524523	0.580867
-0.489640	-0.355640	-0.580038	-0.630129	-0.586207	-0.381818	-0.720196	-0.446922	-0.303515	-0.192072	0.178900	0.474450	-0.263880	-0.371700	0.332256	0.344795	0.419214	0.342764	0.474273	0.494250	0.391026	0.442505	0.463813	0.462322	0.785667	0.211818	0.462322	-0.467839	-0.414370	-0.053710	0.213466	0.484262
-0.140880	-0.242440	-0.303054	-0.178443	0.399999	-0.133332	0.645628	0.097917	0.689150	0.023749	0.443820	0.394550	-0.333480	-0.152910	0.343892	0.382488	0.255593	0.283737	0.428004	0.400592	0.410960	0.376366	0.470285	0.461327	0.663515	0.811991	0.402995	-0.272747	-0.017708	-0.030613	0.222560	0.414298
-0.099760	-0.051720	0.158421	-0.154332	0.200001	0.161290	-0.315192	-0.047450	-0.848880	-0.204445	-1.700400	-0.850550	-0.270570	-0.014580	0.437577	0.412897	0.399152	0.450166	0.533450	0.480011	0.576397	0.516494	0.564636	0.502250	0.843697	0.775738	0.379423	0.053351	0.056920	-0.378567	0.337042	0.506731
-0.553120	-0.677120	-0.171498	-0.742575	0.125000	-0.125001	0.848312	0.188684	0.769970	-0.218700	0.016080	-0.842400	-0.859590	-0.508440	0.449176	0.463316	0.550824	0.461079	0.529217	0.522734	0.458099	0.491001	0.417511	0.470783	0.002651	0.069655	0.404681	-0.424309	0.031842	-0.736810	0.283191	0.525976
-0.213960	-0.723800	-0.427716	0.208164	-0.500000	-0.473684	-0.609708	-0.391484	-0.266385	-0.069571	-0.318240	-0.461200	-0.865380	-0.100470	0.333144	0.310239	0.445715	0.364705	0.524979	0.480011	0.625275	0.539666	0.569056	0.479012	0.521237	0.077201	0.226006	-0.575758	-0.432584	-0.475683	0.270667	0.502495
0.338000	0.967760	0.990594	1.457310	0.099999	0.642857	-0.139800	0.400175	0.240530	0.649201	0.680820	0.154700	-0.352170	0.273690	0.420188	0.305339	0.389361	0.529715	0.423847	0.456361	0.402755	0.428983	0.470285	0.494000	0.274283	0.211818	0.237217	0.979177	0.521516	0.025407	0.383659	0.440104
0.327080	0.293360	-0.782898	-0.858963	0.214286	-0.179486	-0.173716	-0.532376	-0.839385	-0.433140	-0.282800	0.038500	0.305700	0.179280	0.566111	0.708890	0.791996	0.859362	0.507999	0.583705	0.480760	0.572730	0.521986	0.608259	0.902736	0.613726	0.391264	-0.244769	-0.355931	0.174493	0.621128	0.545852
0.411840	0.425040	1.062375	0.877002	0.514286	-0.230769	0.681016	0.690521	0.762845	0.403574	0.655100	-0.154450	0.253890	0.420150	0.564636	0.553544	0.247312	0.224262	0.524979	0.465803	0.478014	0.410960	0.421651	0.413625	0.289873	0.532454	0.605157	0.743708	0.229876	0.173197	0.401981	0.495391
0.197640	0.225720	-0.244419	-0.128484	-0.204546	0.836066	0.013000	-0.047756	-0.098180	-0.046208	-0.387980	0.498450	1.051230	0.142650	0.589283	0.589283	0.849412	0.780229	0.647713	0.470534	0.593149	0.668409	0.565619	0.573709	0.902736	0.395082	0.590250	-0.009350	0.394155	0.564110	0.590171	0.559124
0.129560	0.128360	0.112560	-0.133530	0.222223	0.054851	-0.148172	-0.056160	0.096445	0.029321	-0.031080	-0.133250	0.470460	0.075960	0.531707	0.537927	0.378011	0.441272	0.423847	0.873471	0.501000	0.480011	0.487752	0.486753	0.217040	0.811991	0.817724	0.120460	-0.000655	0.137723	0.392975	0.648659
0.159080	0.259360	0.132264	0.294114	0.246576	0.125874	0.499492	0.212305	0.523085	0.095353	-0.276140	-0.598700	-0.440610	0.233160	0.512997	0.511998	0.554779	0.443986	0.583705	0.560453	0.475520	0.478763	0.507499	0.505750	0.482757	0.408541	0.672166	0.195812	0.169090	-0.268717	0.451384	0.572079
-0.316040	-0.192080	-0.530208	-0.513069	-0.596492	-0.308941	-0.787736	-0.342723	-0.523945	-0.091709	-0.024020	-0.196250	0.378480	-0.280770	0.521736	0.548348	0.569546	0.624337	0.647713	0.663515	0.585405	0.592667	0.557741	0.525229	0.295254	0.154074	0.347964	-0.361144	-0.325832	-0.032847	0.396639	0.655614
0.525640	0.449800	0.396429	0.404523	0.566037	0.227272	0.656552	0.241838	0.333115	0.062070	0.167000	0.078700	-1.142400	0.381540	0.388648	0.424336	0.270320	0.300483	0.239577	0.190618	0.372618	0.365864	0.437577	0.472528	0.489002	0.368886	0.641527	0.423115	0.234555	-0.227387	0.353065	0.215098
-0.250120	-0.118280	-0.513549	-0.525429	-0.537036	-0.221721	-0.588908	-0.291808	-0.077945	-0.185465	-0.344960	-0.039300	-0.067380	-0.180660	0.623634	0.600608	0.669295	0.652263	0.734388	0.720109	0.601088	0.582732	0.534445	0.515495	0.640146	0.559960	0.164929	-0.315915	-0.256765	-0.095780	0.473028	0.727249
-0.560120	-0.586400	0.097053	-0.437217	-0.428571	-0.445377	-0.195040	0.051928	-0.345290	-0.206899	-0.049100	-0.257000	0.236700	-0.401880	0.405645	0.443986	0.292764	0.309812	0.271703	0.282114	0.405886	0.403477	0.488502	0.453138	0.254264	0.477016	0.482507	-0.244674	-0.196725	-0.140727	0.210065	0.276909
-0.408880	-0.519760	-0.061830	0.348024	-0.052633	0.043478	-0.061012	-0.383395	-0.540700	-0.038402	-0.599920	0.158500	-0.601170	-0.398190	0.326293	0.323223	0.535689	0.381780	0.436347	0.266980	0.473525	0.512497	0.460830	0.464311	0.469787	0.331147	0.587102	-0.290795	-0.169959	-0.280287	0.233759	0.351664
-0.169160	-0.295920	-0.990345	-1.188678	-0.500000	-0.142857	0.009544	-0.192329	0.464690	-0.348781	0.034780	0.118200	-0.302850	-0.241920	0.367258	0.342990	0.477266	0.589283	0.495500	0.513247	0.491501	0.427514	0.449176	0.493500	0.141973	0.613726	0.309598	-0.643133	-0.167593	-0.142190	0.306975	0.504374
-0.066280	-0.067360	1.688916	1.848708	0.727273	-0.038461	0.869412	0.770905	-0.074430	0.656273	0.466300	0.697650	0.302850	0.155880	0.430944	0.400592	0.252561	0.267567	0.474273	0.456361	0.500250	0.480760	0.538673	0.467048	0.534197	0.587102	0.406127	0.810778	0.366222	0.385460	0.301509	0.465317
-0.708400	-0.476200	-1.395513	-1.639011	-0.357143	-0.315789	-0.483948	-0.555283	0.039850	-0.511660	0.148020	0.019100	-0.780870	-0.543660	0.458595	0.459588	0.944695	0.920122	0.567093	0.489502	0.629949	0.743263	0.490501	0.608736	0.810613	0.882674	0.605157	-0.935857	-0.435536	-0.435143	0.447868	0.528298
0.410240	0.373800	0.048861	0.386439	0.181819	0.380951	-0.650960	-0.272656	-0.417090	0.151244	0.273760	0.585150	-0.180870	0.257820	0.301114	0.358703	0.075858	0.093215	0.457354	0.442259	0.418727	0.294215	0.501500	0.403717	0.622224	0.518492	0.268745	0.211331	0.054148	0.220700	0.217342	0.449807
-0.205000	-0.275040	0.203190	-0.088095	-0.040001	-0.115385	0.243392	0.049515	-0.371745	-0.043454	0.525900	0.352000	0.373980	-0.206190	0.582975	0.572241	0.511998	0.567829	0.516494	0.574443	0.417268	0.462322	0.461079	0.514746	0.713409	0.850687	0.448681	-0.035925	-0.032935	0.173263	0.405771	0.545469
0.047760	-0.007440	1.055622	1.197126	0.384615	0.178572	0.806712	0.650518	0.773850	0.435020	-0.352760	-0.314700	0.739230	0.163530	0.423115	0.407333	0.553791	0.481259	0.495500	0.470534	0.526475	0.504750	0.469787	0.493250	0.856805	0.745357	0.622694	0.524091	0.414545	0.196020	0.405806	0.483017
0.455440	0.477680	-0.552966	-0.497613	0.393257	0.274725	-0.228876	-0.191119	-0.134925	-0.169976	-0.820800	-0.318700	0.821610	0.305580	0.489002	0.475021	0.863892	0.821127	0.562915	0.546366	0.617748	0.694236	0.560945	0.585162	0.239759	0.283737	0.731844	-0.037643	0.041803	0.269497	0.590924	0.554641
0.017920	0.160920	-0.248949	-0.005742	-0.305262	-0.008696	-0.432372	-0.302647	0.246585	-0.107616	-0.575420	-0.514700	0.684300	0.013500	0.596042	0.598928	0.248991	0.316912	0.643824	0.615620	0.460085	0.416781	0.485254	0.456609	0.070831	0.283737	0.763506	-0.044015	-0.155672	0.061033	0.354875	0.629722
-0.661400	-0.741080	-0.107229	-0.212745	-0.375000	-0.373494	-0.370192	-0.209318	-0.524265	-0.167763	-0.534560	-0.564850	-0.862470	-0.560790	0.481259	0.518991	0.407575	0.496750	0.379187	0.494250	0.436593	0.418241	0.520988	0.478513	0.158424	0.185276	0.736722	-0.424155	-0.291406	-0.662703	0.268757	0.436719
-0.523680	-0.634120	-0.452133	-1.005912	-0.363635	-0.040000	0.427156	-0.207113	0.412485	-0.145689	-0.890200	0.352100	0.078540	-0.481020	0.311310	0.297757	0.464560	0.435855	0.423847	0.356176	0.455369	0.466799	0.450661	0.474771	0.187856	0.169103	0.224959	-0.543127	-0.123557	-0.016793	0.205692	0.390012
-0.250720	-0.246520	1.071738	0.719592	0.124999	-0.199999	-0.168772	0.620810	-0.226330	0.131810	0.375820	-0.391550	-0.294420	0.020250	0.347057	0.326073	0.376601	0.301956	0.465803	0.489502	0.550081	0.478264	0.533699	0.483506	0.091955	0.734583	0.533699	0.412609	0.210406	-0.221907	0.274387	0.477653
1.691320	1.283600	0.563949	1.282374	0.880000	0.584416	1.455656	0.473130	0.906780	0.534002	-1.512060	-0.118650	2.008290	1.268490	0.414110	0.417511	0.829346	0.625978	0.507999	0.461079	0.477515	0.629716	0.477016	0.511748	0.728890	0.251242	0.402995	0.923775	0.528773	1.052710	0.711087	0.484539
0.956920	1.317880	-1.280415	-0.762855	-0.146341	0.031743	-0.504520	-0.703301	0.138115	-0.298650	-1.062920	-1.680350	1.174650	0.533190	0.841975	0.767634	0.800752	0.881216	0.903610	0.700567	0.753060	0.776953	0.592425	0.626680	0.026442	0.421895	0.954087	0.018732	-0.335779	0.009163	0.764953	0.802089
0.838960	0.621240	1.080555	0.880521	0.472362	0.496126	1.100720	0.722036	0.472090	0.479373	1.039760	-0.320100	1.271490	0.696870	0.725916	0.788849	0.067421	0.203267	0.351603	0.517992	0.383670	0.167006	0.515495	0.412655	0.098678	0.010603	0.878468	0.850898	0.609081	0.549420	0.496465	0.434798
-0.270320	-0.006640	-1.272291	-1.110039	-0.698550	-0.354387	-1.184812	-0.688720	-0.764795	-0.436190	-0.034940	0.256400	-0.066090	-0.210540	0.707857	0.646799	0.879425	0.839161	0.960380	0.918714	0.774168	0.852959	0.566111	0.677433	0.902736	0.307039	0.910520	-0.639466	-0.521554	-0.006743	0.572540	0.939547
0.289720	0.341280	-0.022125	0.164079	0.054545	0.036650	-0.211212	-0.141952	0.256055	0.023190	-0.490140	-0.277900	-0.385680	0.194640	0.397953	0.475021	0.096739	0.121532	0.016464	0.127750	0.211985	0.152775	0.393410	0.330041	0.489002	0.664854	0.474771	0.159578	-0.052651	-0.156313	0.257177	0.072107
0.006480	0.125480	0.544746	0.176802	0.093751	0.074767	-0.315480	0.157698	-0.404235	0.048396	-0.387260	-0.021500	-0.361020	0.093960	0.561930	0.574443	0.494500	0.547110	0.524979	0.532205	0.460085	0.475520	0.529217	0.503750	0.264055	0.331147	0.333811	0.335113	0.116233	-0.096187	0.454389	0.528592
-0.297840	-0.486720	0.571425	0.250995	-0.007196	0.004327	0.347828	0.442313	0.223995	0.171282	-0.063900	-0.698100	-1.044420	-0.165120	0.478264	0.513497	0.660158	0.557001	0.550329	0.574443	0.447939	0.526725	0.449176	0.510498	0.317128	0.490751	0.347964	0.042353	0.223320	-0.635880	0.408760	0.562386
1.444600	1.388280	0.329775	0.510678	0.705128	0.418547	1.222964	0.333333	0.844635	0.239053	0.377360	-0.266900	1.113780	1.076580	0.390074	0.342314	0.734193	0.593873	0.495500	0.503750	0.555520	0.652943	0.523483	0.552308	0.476268	0.146916	0.144674	0.859028	0.375940	0.641153	0.627407	0.499625
0.526880	0.685320	-0.844812	-0.775596	-0.488807	-0.307160	-0.828676	-0.569798	-0.162835	-0.322695	-0.862840	-0.542500	-0.017340	0.285690	0.841309	0.824335	0.686542	0.734583	0.996305	0.959535	0.777127	0.737303	0.618220	0.612540	0.691683	0.343440	0.875119	-0.079746	-0.438479	-0.091383	0.674492	0.977920
0.842160	0.804320	0.551664	0.717177	0.472062	0.353448	0.459292	0.341981	0.560775	0.354334	0.013460	-1.750250	-0.156900	0.579300	0.641067	0.681137	0.149440	0.190002	0.011578	0.073918	0.284551	0.182127	0.470783	0.355718	0.154988	0.211818	0.498000	0.677992	0.347715	-0.442617	0.448189	0.042748
-0.929960	-0.900560	-0.304725	-0.454320	-0.615221	-0.359307	-0.597668	-0.201563	-0.815995	-0.244537	0.762760	0.171000	-0.169170	-0.562470	0.735362	0.720109	0.731059	0.785330	0.984556	0.957262	0.611115	0.642677	0.597005	0.661727	0.514996	0.016447	0.436347	-0.602643	-0.280435	-0.186880	0.481878	0.970909
1.216840	1.267320	0.309108	0.368691	0.463126	0.298578	0.506944	0.236193	0.782930	0.176473	-0.277780	0.410450	-0.203400	0.917790	0.210154	0.222527	0.355947	0.290491	0.007111	0.040895	0.359163	0.403958	0.361468	0.374022	0.825922	0.600368	0.431680	0.788214	0.267386	0.374947	0.399382	0.024003
-0.081600	-0.254960	-0.482877	-0.010404	0.004017	0.116129	-0.030684	-0.344956	-0.002280	-0.012402	0.190240	-1.001450	-0.717360	-0.280110	0.821567	0.825347	0.646571	0.666189	0.934747	0.915831	0.615620	0.616094	0.627849	0.581759	0.369584	0.723722	0.417997	-0.368919	-0.114414	-0.666307	0.535913	0.925289
-0.416000	-0.365960	-0.026766	-0.178854	-0.333334	-0.328215	-0.599068	-0.146461	-0.257960	-0.124048	0.597200	0.198600	0.720930	-0.272280	0.448681	0.393649	0.290285	0.493250	0.507999	0.796247	0.491001	0.345473	0.497250	0.491501	0.603723	0.094576	0.233796	-0.196363	-0.237338	0.215750	0.270717	0.652123
-0.591640	-0.459240	0.388785	0.023346	-0.249999	-0.158940	-1.154692	0.084043	-1.471665	-0.986847	-0.622340	0.270550	-0.422550	-0.236130	0.341414	0.360775	0.489751	0.410718	0.106977	0.037363	0.366793	0.461079	0.449671	0.438316	0.785667	0.613726	0.775564	-0.035228	-0.037449	-0.129377	0.273306	0.072170
0.686400	0.689960	-0.380637	-0.301698	0.308756	0.250736	1.186408	0.058757	1.559910	0.985670	0.419240	0.024450	1.246470	0.417810	0.294215	0.335815	0.664408	0.509749	0.299433	0.285978	0.333366	0.520239	0.306613	0.298594	0.217040	0.652489	0.332478	0.154662	0.154747	0.562910	0.444399	0.292706
0.222280	0.109360	-0.253176	-0.809997	-0.399014	-0.399339	0.377032	0.080040	-0.225125	-0.332415	-0.394080	0.436050	-0.188160	0.094890	0.692961	0.689761	0.338721	0.371450	0.756760	0.833273	0.670843	0.516244	0.704121	0.683521	0.713409	0.518492	0.900966	-0.071908	-0.159650	0.114260	0.437557	0.795017
-0.493440	-0.582440	0.813318	1.216611	-0.284212	-0.151898	-0.128988	0.226833	-0.303080	0.391598	0.050120	-0.217100	0.044700	-0.225210	0.551319	0.512997	0.411444	0.269729	0.201652	0.091040	0.579812	0.525727	0.458099	0.402033	0.311739	0.734583	0.421163	0.115439	0.037468	-0.132537	0.304056	0.146346
0.321280	0.509120	-0.189456	-0.087660	0.268817	0.287233	-0.504480	-0.142889	0.283380	-0.066816	-0.176540	0.120850	0.295680	0.241320	0.319081	0.299223	0.809690	0.860686	0.386986	0.387223	0.469538	0.601328	0.449671	0.621989	0.534197	0.382016	0.525977	0.159832	0.072172	0.219283	0.506000	0.387105
0.119680	0.204920	-0.028938	0.011016	-0.063063	-0.146920	-0.791312	-0.203021	-0.283380	0.024683	0.151520	-0.048250	0.372270	0.098430	0.582975	0.638532	0.400832	0.453881	0.604201	0.735167	0.401072	0.430209	0.542398	0.470285	0.418727	0.573464	0.637146	0.087991	-0.174971	0.140817	0.434930	0.669684
0.790960	0.683920	0.033708	0.480801	0.580645	0.433962	2.011336	0.402243	1.187465	0.314584	-0.100760	-0.218350	0.263580	0.481680	0.516993	0.544631	0.485754	0.504250	0.470036	0.356176	0.387223	0.429473	0.452890	0.508249	0.585162	0.477016	0.672166	0.358814	0.418103	0.175637	0.506662	0.413106
0.089920	0.078400	0.092307	-0.220275	0.007595	0.035940	-0.763624	-0.034459	-0.281145	-0.067812	-0.295440	-0.048800	0.575820	0.145950	0.731255	0.696989	0.516744	0.758230	0.919974	0.931821	0.865297	0.678088	0.715042	0.679179	0.456858	0.382016	0.628550	0.085354	0.000741	0.224323	0.569834	0.925898
-0.111800	-0.341920	-1.325679	-1.109244	-0.468635	-0.342465	-0.229108	-0.705076	-0.003730	-0.248629	-0.065400	-0.024450	0.055770	-0.286020	0.508249	0.504000	0.547605	0.360314	0.512248	0.579081	0.289667	0.478014	0.433644	0.448434	0.363547	0.477016	0.760058	-0.833800	-0.523771	-0.084900	0.326830	0.545665
-0.113800	0.139120	1.208748	0.935781	0.157895	0.215686	0.297240	0.637877	-0.013730	0.190025	0.561220	0.267400	0.266670	0.065550	0.437331	0.363316	0.124118	0.125428	0.103772	0.085021	0.447939	0.267763	0.496750	0.364473	0.476268	0.490751	0.533699	0.673934	0.426782	0.199873	0.223149	0.094397
0.091920	-0.015240	0.256629	-0.014052	0.229571	0.065326	-0.056432	0.159693	0.085705	-0.042437	0.074160	0.644400	0.145140	0.168240	0.436839	0.524231	0.841175	0.816228	0.612302	0.777127	0.566356	0.676777	0.494750	0.594596	0.763145	0.652489	0.637146	0.120695	0.112510	0.319260	0.557343	0.694715
0.362080	0.417400	-0.281250	-0.024909	0.045317	-0.021687	-0.006908	-0.171587	-0.139235	0.048063	0.158820	0.304450	0.179460	0.151140	0.508749	0.471780	0.632510	0.491251	0.731059	0.619871	0.485254	0.589040	0.516244	0.473525	0.547110	0.820244	0.579568	0.068075	-0.096637	0.211683	0.451086	0.675465
-0.070000	0.004080	0.068478	0.071799	-0.205574	-0.022670	-0.226176	-0.039077	-0.318280	-0.048239	0.012120	0.069750	-0.029760	0.038550	0.603483	0.618692	0.356635	0.485754	0.562915	0.456361	0.497250	0.404681	0.467546	0.526725	0.591217	0.677215	0.597726	0.036279	-0.030874	0.026180	0.420623	0.509638
0.346280	0.322080	-0.053541	-0.224262	0.306990	0.034827	0.528056	0.142949	0.621610	-0.061870	-0.458200	-0.350650	-1.202220	0.175320	0.451404	0.478264	0.533450	0.536187	0.268548	0.456361	0.448434	0.482257	0.435118	0.470036	0.514996	0.546119	0.490251	0.134270	0.088888	-0.459183	0.434925	0.362455
0.366440	0.387920	-0.026670	-0.022017	0.065217	-0.019609	-0.209276	-0.057236	-0.251110	-0.028618	0.063180	-0.764800	-1.785240	0.388590	0.599888	0.589283	0.474023	0.388648	0.847095	0.565128	0.625041	0.570772	0.626212	0.465803	0.284754	0.307039	0.084324	0.180625	-0.038423	-0.720483	0.488086	0.706112
-0.251440	-0.248040	-0.565620	-0.441792	-0.424418	-0.215805	-0.599104	-0.421053	-0.221215	-0.064679	0.334360	-0.342150	0.288120	-0.239100	0.608974	0.613726	0.487503	0.488502	0.624337	0.461079	0.444233	0.468791	0.441026	0.484755	0.540660	0.146916	0.038531	-0.406830	-0.318429	-0.097710	0.391921	0.542708
-0.193360	-0.145240	0.521031	0.411858	0.120000	0.051470	0.221144	0.323314	-0.044590	0.050979	0.060720	0.487350	0.042750	-0.133500	0.385800	0.389599	0.289462	0.330483	0.077415	0.205707	0.372385	0.352972	0.452147	0.470036	0.675025	0.318863	0.627148	0.187896	0.187392	0.132200	0.252369	0.141561
0.450000	0.363080	-0.297333	0.006159	0.181818	0.114552	0.058252	-0.103629	0.161145	0.098460	0.203720	0.072300	-0.359970	0.274650	0.407092	0.425802	0.692748	0.654753	0.612302	0.565128	0.541901	0.597726	0.489002	0.520489	0.540660	0.755654	0.524480	0.032874	0.005462	-0.004340	0.491009	0.588715
0.169720	0.073400	0.113979	0.148050	-0.089820	-0.128526	0.522540	0.249542	-0.013080	-0.038064	0.292220	0.000000	0.108900	0.028470	0.637609	0.605157	0.378716	0.501500	0.720914	0.667744	0.510998	0.461576	0.529715	0.547853	0.616094	0.546119	0.355030	0.093690	0.060508	0.045790	0.430290	0.694329
-0.281920	-0.193280	0.259701	0.038484	-0.225806	0.141974	-0.781080	-0.132493	-0.266600	-0.004389	-0.023060	0.024050	0.233280	-0.010800	0.539418	0.503500	0.544383	0.567829	0.375194	0.313889	0.623399	0.607544	0.495000	0.478014	0.663515	0.504750	0.552061	0.033211	0.004740	0.082177	0.428866	0.344542
0.757400	0.868480	0.111114	0.257994	0.471074	0.307117	0.556388	0.094645	0.669390	0.240827	-0.582300	-0.241550	0.535140	0.568050	0.374491	0.408299	0.613251	0.517992	0.278483	0.704538	0.326733	0.435610	0.445962	0.496250	0.495500	0.518492	0.605157	0.489797	0.200881	0.287213	0.496417	0.491511
0.251640	0.240160	-0.214872	-0.162117	-0.128965	-0.078825	0.058948	0.031949	0.129205	-0.134699	-0.172840	-0.366750	0.017160	0.156960	0.739428	0.765307	0.555520	0.638071	0.947846	0.957262	0.616566	0.543639	0.636453	0.654527	0.226006	0.368886	0.725717	0.012644	-0.023438	-0.064210	0.571057	0.952554
0.451440	0.334640	0.264234	0.115821	0.104348	-0.182540	0.272296	0.132784	-0.159460	0.107348	0.148340	0.073800	-0.270150	0.370320	0.572730	0.567093	0.397714	0.407092	0.261923	0.274482	0.513747	0.516494	0.529715	0.401072	0.418727	0.307039	0.513497	0.299437	-0.024878	0.057990	0.462990	0.268203
0.308960	0.193280	0.307044	0.327426	0.208723	0.337621	0.383844	0.193775	0.523230	0.140312	-0.135880	-0.123100	0.069750	0.151590	0.648625	0.603483	0.627382	0.563407	0.692748	0.148047	0.572241	0.582003	0.458347	0.574198	0.585162	0.546119	0.386749	0.250162	0.265698	0.032747	0.518897	0.420398
-0.211920	-0.004880	-0.211704	-0.269475	-0.368607	-0.152354	-0.853532	-0.336936	-0.392860	-0.076632	0.123600	-0.322900	0.343890	-0.107850	0.598447	0.551566	0.675682	0.701196	0.906531	0.981693	0.619399	0.663739	0.633671	0.624103	0.437824	0.435610	0.536684	-0.108292	-0.244645	-0.028953	0.483808	0.944112
-0.378800	-0.369880	-0.574188	-0.608724	-0.376923	-0.283019	-0.254960	-0.216355	-0.017545	-0.249140	-0.049260	0.074900	-0.085230	-0.255000	0.393172	0.475021	0.372852	0.326513	0.028004	0.109877	0.270715	0.257501	0.392218	0.424824	0.572486	0.331147	0.655657	-0.472034	-0.249687	-0.088443	0.262512	0.068941
0.410240	0.378400	-0.033102	0.314289	0.276785	0.273885	0.084048	-0.073355	0.340210	0.218187	0.434780	0.639750	-0.051390	0.214020	0.333588	0.340066	0.249553	0.225482	0.159226	0.071359	0.444727	0.408058	0.493250	0.327393	0.482757	0.546119	0.467048	0.172649	0.100265	0.267460	0.272542	0.115293
-0.084760	-0.045080	0.416217	0.446538	0.100630	-0.020408	0.171140	0.242203	-0.122375	0.048000	0.245180	0.337850	-0.908460	-0.003660	0.634831	0.620577	0.487503	0.636221	0.740775	0.920122	0.516244	0.476767	0.587830	0.644282	0.723722	0.811991	0.482507	0.185569	0.110898	-0.191423	0.475094	0.830449
-0.247920	-0.257800	0.112692	-0.184503	-0.090344	-0.136095	-0.114864	0.037763	-0.011550	0.009701	-0.034660	0.427750	-0.010950	-0.159570	0.442999	0.459588	0.675682	0.738077	0.632045	0.442259	0.536187	0.591217	0.463565	0.540660	0.640146	0.689118	0.171931	-0.072554	-0.049166	0.085743	0.431355	0.537152
0.827920	0.815840	-0.490041	-0.360693	0.143696	0.184358	0.352352	-0.067264	0.503330	-0.087193	0.103620	0.117550	0.156030	0.583170	0.380836	0.379894	0.558481	0.384380	0.379187	0.211818	0.473525	0.518242	0.494500	0.507499	0.489002	0.734583	0.501250	0.162900	0.058547	0.285583	0.457352	0.295503
0.123400	0.168920	0.098685	0.210750	-0.174700	-0.162705	-0.293968	0.051445	-0.205400	0.114005	0.282320	-0.330500	0.286050	0.113100	0.774168	0.766025	0.287000	0.316912	0.696355	0.867036	0.581273	0.467297	0.644970	0.423603	0.566111	0.573464	0.571996	0.133803	-0.055630	0.022883	0.451441	0.781696
-0.241640	-0.267600	0.296208	0.115257	-0.212390	-0.279330	-0.430372	-0.088873	-0.751705	-0.140621	0.121740	0.260050	-0.260820	-0.156600	0.526974	0.544631	0.539666	0.602526	0.271703	0.155382	0.429228	0.523982	0.432662	0.598688	0.663515	0.318863	0.627148	0.014304	-0.184102	-0.052457	0.411439	0.213543
-0.086760	-0.098000	-0.618147	-0.518910	-0.280575	-0.131579	0.042848	-0.289623	-0.035205	-0.268928	0.011000	0.327100	0.349080	-0.139410	0.379894	0.372618	0.633207	0.562423	0.306613	0.129882	0.413868	0.459340	0.308317	0.378481	0.578837	0.652489	0.394126	-0.358074	-0.210601	0.178923	0.361746	0.218248
-0.224000	-0.352880	-0.461538	-0.388653	-0.204819	-0.171596	-0.103640	-0.365181	-0.195510	-0.179625	-0.033020	0.550950	-0.134400	-0.252600	0.441519	0.438316	0.261729	0.263278	0.340066	0.360545	0.506750	0.407575	0.489751	0.345021	0.514996	0.689118	0.652943	-0.407209	-0.268389	0.054650	0.230448	0.350306
0.362840	0.525840	0.824178	0.720624	0.492308	0.323670	0.172412	0.491133	0.297105	0.275548	0.131440	0.248550	0.046110	0.414180	0.388173	0.343892	0.369817	0.362160	0.428004	0.364937	0.480510	0.438808	0.455865	0.433153	0.489002	0.794456	0.446950	0.675009	0.407402	0.236280	0.375644	0.396471
-0.484880	-0.836600	-1.207260	-1.580529	-0.701755	-0.574712	0.643304	-0.317439	-0.248070	-0.318105	-0.065500	-0.112650	-0.053220	-0.572940	0.620577	0.676121	0.752315	0.766204	0.747250	0.780400	0.529964	0.600848	0.562423	0.610639	0.585162	0.652489	0.525977	-1.021930	-0.446076	-0.246270	0.448455	0.763825
-0.385440	-0.075680	1.224126	1.361346	-0.030302	0.159091	-0.671776	0.394684	-0.546920	0.135904	0.248780	0.447650	-0.443670	-0.075840	0.294215	0.197816	0.185730	0.106310	0.204403	0.129882	0.639455	0.425069	0.442999	0.373788	0.469787	0.435610	0.482507	0.574223	0.276888	-0.023953	0.141646	0.167143
0.088760	0.081880	0.208593	0.443349	0.179486	0.000000	0.114252	0.111368	0.070305	0.206511	0.221880	0.548500	0.098520	0.038910	0.331369	0.448187	0.819653	0.829063	0.495500	0.565128	0.353658	0.603244	0.395799	0.541157	0.652036	0.755654	0.323004	0.145237	0.055684	0.228643	0.493436	0.530314
0.204360	0.205680	-0.352626	-0.617076	0.148149	-0.073684	-0.394220	-0.173395	0.005170	-0.307352	-0.147360	0.280550	0.191550	0.167400	0.510998	0.508249	0.596523	0.705785	0.529217	0.499000	0.520738	0.546119	0.509749	0.590734	0.640146	0.803292	0.547605	-0.073473	-0.123540	0.213167	0.497791	0.514109
-0.258560	-0.367280	0.251994	0.221715	-0.476191	0.043478	0.089552	0.129653	0.251545	0.303059	-0.268680	-0.806800	-0.025170	-0.169260	0.556754	0.555767	0.347284	0.236494	0.533450	0.465803	0.428983	0.431435	0.498500	0.372852	0.418727	0.677215	0.587102	-0.057643	0.086566	-0.333743	0.305408	0.499627
0.355720	0.488200	0.112683	0.372696	0.639345	0.111111	-0.077720	-0.014214	-0.244860	0.008269	0.108340	-0.222600	0.017970	0.262260	0.377306	0.341864	0.607067	0.587587	0.415567	0.517992	0.513747	0.548348	0.543639	0.621754	0.351603	0.115475	0.495000	0.300442	0.048449	0.019210	0.435217	0.466780
0.324480	0.326160	-0.363531	-0.260406	0.173553	0.194630	0.544540	-0.089288	0.277695	-0.088868	-0.075720	0.748900	-0.100950	0.173550	0.614673	0.658811	0.554779	0.675902	0.659260	0.555767	0.486004	0.493750	0.452890	0.503000	0.572486	0.368886	0.513497	-0.018686	0.052671	0.273833	0.535543	0.607514
-0.143560	-0.304240	0.446154	-0.090543	-0.290908	-0.092025	-0.064096	0.266553	0.156220	0.069918	-0.186300	-0.327650	-0.336510	-0.060330	0.604918	0.603483	0.342314	0.367955	0.587830	0.633207	0.599888	0.465803	0.548596	0.453634	0.463316	0.870682	0.462322	0.070957	0.087264	-0.241497	0.371668	0.610519
0.427640	0.538920	-0.373116	0.070899	0.338984	0.103033	0.418468	-0.164990	1.141615	0.099012	-0.055460	-0.198700	0.274890	0.291270	0.419214	0.361237	0.696143	0.457602	0.367258	0.428249	0.485504	0.622694	0.528967	0.532952	0.400112	0.307039	0.366329	0.082902	-0.030979	0.122487	0.445093	0.397754
-0.348560	-0.388640	-0.386055	-0.615261	-0.476636	-0.130434	-0.544256	-0.352003	-1.303305	-0.425938	-0.293460	-0.177950	-0.293400	-0.307530	0.645656	0.681137	0.330262	0.530711	0.663069	0.579081	0.594355	0.416052	0.771359	0.556261	0.476268	0.382016	0.619871	-0.387348	-0.241219	-0.259627	0.376047	0.621075
0.457560	0.557240	0.669231	0.916662	0.656442	0.102562	0.751216	0.472215	0.647750	0.411907	-0.011460	-0.246750	-0.284160	0.421230	0.340515	0.330041	0.361698	0.278483	0.295879	0.400592	0.379423	0.390074	0.202136	0.314967	0.345925	0.395082	0.383906	0.613236	0.287389	-0.036560	0.346393	0.348236
-0.130160	-0.133160	-0.335664	-0.544938	-0.551724	-0.237409	-0.731152	-0.261938	-0.502950	-0.168573	0.125360	-0.112950	0.048990	-0.082770	0.657461	0.688904	0.751196	0.833134	0.859845	0.574443	0.671064	0.675244	0.637840	0.673047	0.502000	0.356176	0.389836	-0.234412	-0.249674	-0.048910	0.569585	0.717144
-0.327400	-0.502760	-0.376665	-0.092637	-0.098592	0.070177	0.491056	0.002179	0.208245	-0.156469	-0.229100	0.537650	-0.170250	-0.349320	0.423603	0.423847	0.352287	0.256355	0.163830	0.347511	0.330705	0.383197	0.385090	0.409508	0.578837	0.435610	0.525977	-0.439713	0.036178	0.006027	0.221354	0.255671
-0.245480	-0.213280	-0.025551	-0.054906	-0.122806	-0.257733	-0.242100	-0.249451	-0.318330	0.039133	0.034700	-0.267400	-0.249390	-0.235020	0.348418	0.291316	0.368420	0.463067	0.470036	0.536933	0.606828	0.500250	0.542150	0.438562	0.381544	0.794456	0.436347	-0.119416	-0.253592	-0.250603	0.247240	0.503485
-0.215440	-0.124120	-0.010341	-0.143871	-0.136363	-0.142857	-0.237504	0.080274	-0.133235	-0.152301	-0.292920	0.400000	-0.261480	-0.085620	0.380365	0.395560	0.492251	0.478513	0.470036	0.382725	0.442012	0.432907	0.431435	0.511498	0.527722	0.343440	0.406127	-0.067231	-0.031292	0.017633	0.332214	0.426381
