; This data has 27 inputs and 1 output and is suitable for discovering
; principal components. (ie testing Step "3," Menu option 2)
27 1 200
0.7478	0.71036	-0.381273	-0.286293	0.520408	0.472082	0.598132	-0.044576	0.466305	0.075794	-0.14138	0.2323	0.86706	0.47127	0.476517	0.477016	0.50025	0.49875	0.49975	0.499	0.499	0.4995	0.49775	0.4985	0.508499	0.50475	0.50575	0.213753
0.10408	0.181	-0.450537	-0.264348	-0.301311	-0.066176	-0.229508	-0.153998	0.29656	-0.120601	-0.03356	0.1792	4.36215	0.15612	0.666412	0.652036	0.290904	0.37145	0.849284	0.853335	0.573709	0.485004	0.540908	0.52448	0.400112	0.626914	0.89989	-0.110087
0.47924	0.44636	-0.115806	-0.136233	0.19598	-0.058335	-0.002124	-0.02494	-0.54724	-0.032536	0.24076	0.32945	-3.33333	0.33915	0.50425	0.523732	0.310239	0.400112	0.236494	0.414353	0.467546	0.45785	0.529715	0.458347	0.482757	0.600368	0.999998	-0.041638
0.18956	0.1366	0.246174	-0.011703	-0.252632	0.025862	-0.020916	0.121245	0.48916	0.089366	-0.12382	0.67065	0.18966	0.19806	0.605396	0.593391	0.458099	0.453881	0.65926	0.432907	0.49875	0.494	0.441519	0.489252	0.686326	0.677215	0.000032	0.073554
0.53288	0.45268	0.181164	0.375003	0.445313	0.249212	0.430744	0.156286	0.36883	0.167575	0.04144	0.677	0.33978	0.36426	0.528967	0.513497	0.592667	0.495	0.306613	0.527472	0.49625	0.529715	0.547358	0.525229	0.412655	0.820244	0.634368	0.202749
-0.33312	-0.27844	-1.180956	-1.132074	-0.859297	-0.656904	-0.42778	-0.50508	-1.047915	-0.5782	0.18032	1.1194	-0.55188	-0.32652	0.624103	0.598447	0.578837	0.629483	0.873581	0.816828	0.560206	0.551071	0.541901	0.563899	0.54066	0.828353	0.728099	-0.580992
-0.04116	-0.12128	-0.031737	-0.061857	0.263159	0.088889	0.064496	0.134395	-0.08734	0.063784	0.66746	0.65285	-0.85581	-0.04818	0.384143	0.402274	0.171647	0.209822	0.052005	0.048154	0.43807	0.374256	0.38746	0.336485	0.646114	0.936136	0.178286	0.111642
-0.40592	-0.29484	1.277817	0.679785	-0.116279	0.084112	-0.432084	0.276676	-0.298905	0.158391	0.40208	1.9025	0.16575	-0.18102	0.464808	0.44448	0.49375	0.487752	0.541901	0.536933	0.507249	0.518991	0.490251	0.50675	0.902736	0.836033	0.093384	0.180394
-0.92524	-1.06172	-1.361508	-1.339203	-1	-0.870968	0.541	-0.384891	-0.041155	-0.509946	0.99862	-0.0825	-0.67416	-0.91947	0.367025	0.399632	0.85346	0.647256	0.478513	0.541653	0.447692	0.562177	0.474522	0.52473	0.806589	0.99305	0.61254	-0.62793
-0.45856	-0.37716	0.802731	0.881637	1	0.2	-0.73238	0.02871	-0.633325	0.115462	0.15728	-0.18665	-2.27916	-0.20769	0.251807	0.233617	0.137051	0.263278	0.419701	0.263278	0.565128	0.419701	0.49475	0.433889	0.977067	0.449176	0.152516	0.114355
-0.52516	-0.47868	-0.349353	-0.207426	0.428572	-0.090909	-0.175668	-0.257538	-0.288265	-0.061206	-0.2169	-0.5897	0.05724	-0.45057	0.361006	0.38509	0.69211	0.627849	0.507999	0.508499	0.413625	0.5035	0.457602	0.5065	0.657686	0.382016	0.004893	-0.174224
-0.44844	-0.7688	1.47366	1.803468	-0.428572	0.230768	0.734736	0.690883	1.087205	0.688848	0.9373	-0.1282	-1.03449	-0.2409	0.348418	0.363779	0.401553	0.461079	0.512248	0.49425	0.482757	0.47178	0.482507	0.494	0.306188	0.176972	0.536684	0.460826
0.37312	0.72148	-0.966966	-1.305702	0.5	-0.142856	-1.004152	-0.570336	-1.49043	-0.669865	-0.94394	0.82175	-0.13221	0.21741	0.368653	0.306188	0.94931	0.95461	0.487003	0.513247	0.577617	0.672387	0.565619	0.647713	0.979265	0.421895	0.104425	-0.356596
0.34724	0.36968	0.437241	0.529752	0.2	0.571429	0.137408	0.111814	0.189505	0.189196	-0.4209	-0.52365	1.32258	0.23889	0.568075	0.642906	0.102753	0.077988	0.516494	0.489502	0.397953	0.344795	0.410718	0.351831	0.021605	0.898894	0.439301	0.341622
-0.59452	-0.63592	-0.284823	-0.438822	-0.2	-0.222223	-0.216748	-0.178392	-0.12125	-0.207588	-0.42492	-1.2587	-0.42729	-0.47568	0.563407	0.566111	0.685249	0.663739	0.512248	0.574443	0.509749	0.514746	0.50575	0.515745	0.172644	0.20262	0.942892	-0.200308
0.67424	0.601	-0.275715	-0.697215	0.2	0	0.123308	0.18623	0.56924	-0.146103	-0.8211	-1.46655	1.00929	0.6723	0.334478	0.330705	0.37075	0.357094	0.487003	0.461079	0.482257	0.476767	0.492251	0.479511	0.180199	0.039053	0.28864	0.093115
0.1284	0.30632	0.180978	0.703308	0.181819	0	-0.038848	0.00035	-0.453215	0.300501	-1.64966	-0.40455	-1.09962	0.05979	0.641067	0.619164	0.395321	0.343666	0.512248	0.499	0.508249	0.523732	0.524979	0.489252	0.058415	0.028305	0.904823	0.000175
-0.0094	-0.08236	-0.5628	-0.344499	-0.181819	0.333334	0.153636	-0.397461	0.22457	-0.211685	-1.03314	-0.6563	-0.12639	-0.12267	0.509249	0.552061	0.567093	0.655657	0.516494	0.499	0.496	0.49975	0.47552	0.521237	0.006861	0.283737	0.083402	-0.032064
0.31576	0.39348	0.722142	0.508425	0.5	0.188405	0.092272	0.425245	0.13059	0.32069	-1.23296	-1.1335	0.243	0.37206	0.474023	0.456609	0.321257	0.411686	0.482757	0.565128	0.511248	0.456113	0.507999	0.481009	0.062797	0.185276	0.439301	0.306825
0.63488	0.51288	0.546525	0.663672	0.316456	0.286955	0.726708	0.38983	0.2642	0.216716	0.39886	0.43435	-0.15471	0.45006	0.557495	0.574443	0.736722	0.633671	0.57542	0.560453	0.50675	0.548348	0.50425	0.528967	0.05295	0.077201	0.631347	0.338393
0.03228	-0.02572	-0.543051	-0.884313	-0.424658	-0.333332	-0.544348	-0.21028	0.00157	-0.162282	-1.52736	-0.02535	0.69648	0.08385	0.640146	0.606112	0.765128	0.746494	0.604201	0.650673	0.57542	0.603005	0.511998	0.533201	0.718493	0.723722	0.424091	-0.271806
0.43624	0.58648	0.130284	0.144384	0.511627	0.417323	0.133796	0.00677	0.23169	0.083304	0.45802	-0.22925	2.14323	0.26199	0.485004	0.470285	0.236133	0.20262	0.371217	0.330483	0.439301	0.435118	0.49775	0.471282	0.037507	0.490751	0.822299	0.212047
0.50748	0.45152	0.274629	0.386673	0.044118	0	0.235116	0.094658	0.02982	0.080394	-2.1183	-0.10255	-0.23241	0.27702	0.593873	0.627615	0.560206	0.539915	0.678088	0.731452	0.512248	0.50125	0.511498	0.511248	0.723722	0.382016	0.994165	0.047329
-0.35196	-0.27216	-0.965058	-0.944106	-0.543477	-0.2	-0.272924	-0.360176	0.00564	-0.177479	-0.20202	-1.10295	-0.13623	-0.1635	0.615384	0.597005	0.642217	0.62855	0.524979	0.499	0.52448	0.525478	0.4995	0.512997	0.01904	0.449176	0.36216	-0.280088
0.35024	0.34008	0.251421	0.393708	0.125	0.047619	-0.19644	0.020911	0.120945	0.129928	1.05576	-0.48805	0.83682	0.25299	0.380365	0.404681	0.155251	0.246011	0.299433	0.360545	0.469787	0.421163	0.498	0.46904	0.425069	0.08997	0.421163	0.034265
0.14824	0.0746	0.801981	0.764907	0.55372	0.294118	0.703012	0.463185	0.55794	0.30037	1.40512	0.72855	0.59955	0.19017	0.573709	0.56832	0.581029	0.589283	0.524979	0.527472	0.48026	0.5025	0.5055	0.518741	0.866111	0.272693	0.897615	0.378652
0.09824	0.13808	-0.345594	-0.30501	-0.182392	-0.029788	-0.417116	-0.239315	-0.245275	-0.247113	0.07336	0.75955	0.07893	0.0459	0.518242	0.49725	0.8239	0.745926	0.75676	0.73885	0.575664	0.623634	0.539418	0.573954	0.942459	0.820244	0.837126	-0.134552
0.79644	0.77412	0.062667	0.414852	0.500001	0.335277	0.819096	0.184961	0.6754	0.167277	-0.04884	0.20555	-1.43754	0.52527	0.50425	0.514746	0.319733	0.378246	0.379187	0.465803	0.450414	0.423115	0.478014	0.433398	0.54711	0.836033	0.55996	0.260119
-0.20068	-0.15612	-1.021101	-0.836469	-0.659574	-0.304844	-0.924384	-0.584465	-0.664965	-0.318297	-0.36138	0.07665	1.09008	-0.15567	0.696989	0.685249	0.53096	0.666189	0.900608	0.898348	0.605396	0.555026	0.556508	0.538176	0.482757	0.613726	0.022687	-0.444655
0.06876	0.02332	0.736125	0.501417	0.480519	0.175676	0.492924	0.411606	0.15304	0.128787	0.42236	0	-0.69954	0.05331	0.417754	0.432662	0.177263	0.221663	0.06717	0.115577	0.382016	0.370983	0.439547	0.431435	0.328495	0.546119	0.945833	0.293641
0.4604	0.4512	0.237357	0.132252	0.33913	0.074469	0.471796	0.200611	0.4081	0.080805	0.77192	0.8279	0.1917	0.29409	0.49675	0.483506	0.72492	0.655657	0.777991	0.727703	0.554532	0.564636	0.509749	0.51974	0.713409	0.50475	0.139434	0.13754
0.2192	0.28296	-0.088533	0.121536	-0.184615	-0.025381	-0.415604	-0.129809	0.19964	0.110027	-0.18182	0.34315	-0.13152	0.25389	0.611827	0.605157	0.604201	0.550824	0.879107	0.628783	0.566602	0.555767	0.53345	0.514746	0.850433	0.864362	0.627148	-0.077595
0.18396	0.09768	0.244899	0.214968	0.123967	0.113164	0.393624	0.194407	0.4577	0.166556	0.76116	0.45825	0.34899	0.03576	0.542894	0.559467	0.459092	0.550824	0.227409	0.451652	0.438562	0.46083	0.517493	0.525478	0.406368	0.689118	0.421163	0.153786
-0.7608	-0.66928	-0.432957	-0.525729	-0.651822	-0.28877	-1.077192	-0.330367	-0.816655	-0.139772	0.63786	0.35595	-0.18891	-0.43962	0.532703	0.50575	0.618456	0.600848	0.681788	0.716263	0.555767	0.56193	0.549586	0.55305	0.859965	0.745357	0.718291	-0.309569
0.49932	0.4928	-0.088173	-0.048849	0.333332	0.085909	0.250628	-0.111043	0.71207	0.10116	0.08934	0.53615	0.46326	0.30333	0.266198	0.29463	0.308744	0.282925	0.061054	0.113649	0.367025	0.405163	0.411444	0.451652	0.836717	0.700987	0.383906	-0.012567
0.09964	0.10288	0.20472	0.465789	0.353384	0.225491	0.431608	0.181303	0.267145	0.091682	-0.05946	-0.5126	0.77442	0.07908	0.623634	0.617748	0.466052	0.481259	0.674366	0.61562	0.523483	0.48026	0.571262	0.53096	0.566111	0.785161	0.777646	0.203397
0.55704	0.45188	0.262332	0.072717	0.037433	0.009901	0.261488	0.236264	0.16649	0.024935	0.56038	0.2343	-0.25377	0.43683	0.50675	0.507249	0.582003	0.683088	0.831038	0.850941	0.549091	0.533948	0.531209	0.534197	0.469787	0.230942	0.897062	0.123083
-0.33424	-0.36068	-1.991424	-1.753848	-0.920792	-0.593751	-0.167376	-0.817447	-0.22887	-0.544381	-0.17062	0.5307	0.53982	-0.34038	0.644741	0.610164	0.621519	0.534445	0.558728	0.522734	0.534943	0.56832	0.520489	0.509249	0.822153	0.639686	0.333811	-0.705599
0.35112	0.3732	2.110437	1.797774	0.826087	0.353236	-0.080436	0.820492	-0.336105	0.513925	0.96452	0.60895	-0.84315	0.34965	0.374959	0.371684	0.079001	0.096651	0.040816	0.026339	0.47527	0.342314	0.466799	0.345699	0.393888	0.785161	0.825779	0.586864
0.26048	0.30012	-0.92334	-0.581715	-0.076923	0.114006	-0.151612	-0.3752	0.60727	0.068446	-0.19282	0.11115	0.55065	0.11094	0.584919	0.58783	0.950358	0.914041	0.783808	0.793147	0.488252	0.660158	0.457106	0.6346	0.941033	0.820244	0.087225	-0.130597
0.13876	0.09852	-0.173028	-0.460857	-0.411765	-0.357143	-0.005456	-0.051144	-0.049715	-0.168098	0.03534	-0.76575	-0.32529	0.14094	0.558481	0.568075	0.156963	0.262697	0.448929	0.65926	0.480011	0.400352	0.574931	0.528718	0.369584	0.573464	0.825779	-0.204144
-0.38236	-0.33764	0.447114	0.480831	0.047619	0.024098	-0.135108	0.174473	-0.159385	0.013737	0.06154	-0.0687	-0.86307	-0.19167	0.520738	0.507249	0.448681	0.360314	0.328716	0.152904	0.49825	0.491501	0.490501	0.430944	0.534197	0.133542	0.291316	0.099286
-0.35704	-0.4342	0.375228	-0.146673	-0.26923	-0.118421	-0.046328	0.131226	-0.382145	-0.178244	0.77506	0.70105	-0.0951	-0.27747	0.358933	0.376132	0.643595	0.643824	0.512248	0.517992	0.483256	0.531458	0.475769	0.503	0.553544	0.463067	0.090792	0.006403
0.28492	0.38732	-0.620418	-0.340269	0.02564	0.056337	-0.001996	-0.188353	-0.219255	-0.144369	0.78692	1.1547	-0.80817	0.19989	0.368188	0.351147	0.657236	0.448434	0.440533	0.414353	0.49375	0.532205	0.450909	0.446456	0.917511	0.850687	0.443986	-0.066008
1.32024	1.12304	0.534918	0.951924	0.844358	0.504951	1.130172	0.381629	1.176665	0.503779	0.12662	0.4223	0.40959	0.89775	0.564636	0.591942	0.268548	0.400112	0.504	0.536933	0.49875	0.455369	0.473774	0.468044	0.933454	0.950828	0.116603	0.44329
0.32548	0.43628	-0.786498	-0.594756	-0.316667	-0.104117	-0.491612	-0.481784	0.166615	-0.193409	0.57512	-0.25255	0.534	0.21285	0.834381	0.787011	0.697411	0.809536	0.975398	0.947846	0.665076	0.61562	0.652716	0.673707	0.616094	0.755654	0.740198	-0.292951
0.04244	0.12992	0.495483	0.181899	-0.060344	-0.042254	-0.962856	0.056514	-1.133495	0.01348	0.0488	-0.106	-0.20703	0.15126	0.585405	0.616094	0.241404	0.268352	0.126088	0.305764	0.41411	0.36401	0.526475	0.41096	0.890806	0.34344	0.802343	0.00713
-0.74412	-0.89588	-0.881385	-1.186515	-0.626866	-0.434597	0.82338	-0.390646	0.88825	-0.171957	0.18602	0.06365	-0.21723	-0.70917	0.490751	0.51949	0.654301	0.563407	0.440533	0.428249	0.382488	0.508499	0.337825	0.5035	0.553544	0.43561	0.373554	-0.412622
-0.95964	-0.88596	1.3875	1.58421	-0.612903	-0.614458	-0.54458	0.615406	-1.03202	0.1309	1.09068	0.25295	-1.38087	-0.5586	0.25143	0.22322	0.264833	0.214839	0.193567	0.123575	0.594837	0.452642	0.617748	0.442999	0.675025	0.546119	0.369351	0.000474
0.60912	0.71828	0.044904	-0.085005	0.727273	0.536231	0.497896	0.044245	-0.06385	-0.114601	0.19994	0.68265	0.32433	0.52164	0.209822	0.234334	0.892256	0.900429	0.419701	0.274482	0.431189	0.61491	0.362622	0.538673	0.987836	0.664854	0.033994	0.290238
0.44572	0.50936	-0.364344	-0.575667	0.012987	-0.104166	-2.071152	-0.543265	-1.96875	-0.45368	-1.06128	-0.2049	0.66327	0.31857	0.663962	0.687617	0.525478	0.454873	0.632045	0.667744	0.560206	0.513996	0.491001	0.46257	0.708064	0.864362	0.687187	-0.323716
0.01168	-0.08748	0.331242	0.295641	0.1875	0.271186	1.132444	0.308007	1.0996	0.313609	-0.7474	-1.6362	-0.37911	-0.02529	0.619635	0.6346	0.321912	0.273487	0.504	0.451652	0.318212	0.383197	0.35503	0.412897	0.013334	0.368886	0.837126	0.289597
-0.34428	-0.43556	-0.231474	0.312249	-0.407407	-0.209677	1.078676	0.244894	1.54762	0.422022	-0.22538	0.2405	-0.21396	-0.318	0.48026	0.449176	0.661503	0.608736	0.57542	0.646342	0.56832	0.543887	0.561192	0.545871	0.059861	0.013953	0.287409	0.017609
0.16996	0.24748	-0.048633	-0.223074	0.272727	-1	-0.296628	-0.109621	-0.313255	-0.166476	1.18948	-0.21855	-0.44799	0.14427	0.367025	0.344795	0.38178	0.639686	0.363316	0.378246	0.613489	0.560453	0.651355	0.639916	0.317128	0.652489	0.379423	-0.554811
-0.684	-0.66324	-0.378114	-0.485115	-0.272727	1	-0.3002	-0.167043	-0.536165	-0.287059	0.18112	0.4998	-0.20742	-0.51396	0.531707	0.554532	0.477266	0.393888	0.57542	0.282114	0.461079	0.46904	0.458099	0.428983	0.988727	0.368886	0.262697	0.416479
0.04716	-0.06056	0.093612	0.124194	0.314286	0.054545	0.201072	0.00778	0.27279	0.085809	-0.25974	0.3631	-1.31667	-0.07854	0.273885	0.28557	0.348645	0.322567	0.423847	0.727703	0.466052	0.464062	0.440533	0.420919	0.680702	0.785161	0.388173	0.031163
0.02428	0.0652	0.440145	0.576012	-0.033708	0.093751	0.214304	0.269573	0.152755	0.254471	-0.36168	0.0212	-0.17874	0.12108	0.491251	0.458595	0.534943	0.539915	0.591942	0.527472	0.520489	0.501	0.525229	0.516494	0.269138	0.723722	0.054013	0.181662
-0.53352	-0.46888	-0.874419	-0.992031	-0.409836	-0.296298	-0.629452	-0.471224	-0.74918	-0.494181	0.49234	0.4618	-0.27219	-0.42162	0.484005	0.49675	0.68869	0.727307	0.487003	0.555767	0.52448	0.565865	0.514496	0.576397	0.20424	0.518492	0.413625	-0.383761
-0.1078	-0.2202	0.262977	0.139617	0	-0.134328	0.453892	0.18921	0.40402	0.046733	0.03888	0.7982	0.5982	-0.04734	0.317995	0.340964	0.197975	0.178433	0.395082	0.351831	0.431189	0.400352	0.42458	0.373086	0.874791	0.775738	0.369351	0.027441
0.67316	0.73856	0.705567	0.762132	0.709678	0.389474	0.47566	0.404132	0.10794	0.333671	-0.92016	-0.40615	-0.67467	0.54567	0.443492	0.412413	0.581029	0.536187	0.49975	0.456361	0.545623	0.525977	0.534445	0.50475	0.54711	0.898894	0.779886	0.396803
-0.12768	-0.12252	-0.387309	-0.326175	-0.300614	0.00752	-0.381676	-0.272218	0.19147	-0.112142	0.2521	0.2242	-0.69039	-0.16314	0.678743	0.689332	0.776953	0.75878	0.816378	0.667744	0.560453	0.610164	0.508499	0.570036	0.029974	0.251242	0.202136	-0.132349
0.6524	0.58708	0.307782	0.40236	0.427136	0.202379	0.86786	0.302131	0.2592	0.151487	-0.32326	0.2021	0.78207	0.37191	0.436347	0.439794	0.321257	0.362854	0.303011	0.50375	0.448434	0.416781	0.517992	0.469289	0.723722	0.652489	0.207181	0.252255
-0.03544	0.0166	0.117879	0.009165	0.086817	0.133048	-0.193752	0.037689	-0.022705	0.08002	-0.92676	-0.7146	0.73461	0.1089	0.67787	0.653396	0.640607	0.668631	0.808609	0.654979	0.62925	0.595078	0.527971	0.539418	0.239759	0.639686	0.828495	0.085369
0.23512	0.21172	-1.079694	-0.978999	-0.368422	-0.194571	-0.552748	-0.54828	-0.141475	-0.303855	-0.04714	-0.6292	0.62535	0.06363	0.464808	0.482257	0.563161	0.50325	0.612302	0.641987	0.46456	0.515995	0.49475	0.525478	0.040388	0.127305	0.825779	-0.371426
0.02192	0.1132	0.36972	0.683334	0.087719	0.400675	0.073216	0.178912	0.128205	0.258062	-0.15874	1.08065	-0.44364	0.0933	0.553297	0.543639	0.144674	0.184372	0.17581	0.305764	0.417511	0.345699	0.48076	0.413868	0.469787	0.161379	0.800433	0.289794
-0.11856	-0.22252	0.429147	0.190677	0.234568	0.063062	0.3539	0.2849	0.011805	-0.014981	1.23828	-0.0815	-0.87063	-0.1089	0.483756	0.512997	0.60945	0.710333	0.562915	0.905081	0.508499	0.52822	0.512747	0.566111	0.381544	0.948191	0.278684	0.173981
-0.06028	0.03752	0.149076	0.223107	-0.013514	0.059761	-0.186532	-0.024723	0.41329	0.130708	-0.26494	0.62475	-0.3381	0.02118	0.437577	0.407333	0.663069	0.580542	0.724321	0.628783	0.550576	0.573954	0.499	0.4935	0.986534	0.449176	0.14088	0.017519
0.02648	-0.0826	0.020604	-0.102957	-0.069596	0.005607	0.249668	0.149504	-0.12663	-0.048607	-0.16832	0.19825	0.36846	0.04893	0.456858	0.488752	0.570282	0.607782	0.482757	0.637609	0.470783	0.491501	0.552308	0.546614	0.284754	0.850687	0.340964	0.077556
-0.27096	-0.21944	-0.703368	-0.576336	-0.558283	-0.358585	-0.42968	-0.364539	-0.307145	-0.116241	0.46142	-0.01975	-0.21384	-0.27105	0.485004	0.450909	0.510498	0.445715	0.419701	0.513247	0.53743	0.556014	0.479761	0.479012	0.363547	0.639686	0.683088	-0.361562
-0.22184	-0.09	0.506328	0.549486	-0.220339	-0.128891	-0.288184	0.03749	-0.16718	0.036074	1.17412	0.46985	-0.0555	-0.12027	0.390074	0.409266	0.240855	0.27488	0.17581	0.063032	0.43561	0.385563	0.458099	0.458843	0.843697	0.490751	0.398672	-0.045701
0.07824	-0.01376	0.281352	-0.084726	0.5	0.169493	0.164912	0.201727	0.15231	-0.03917	0.29022	0.74515	-0.02163	0.05799	0.406127	0.449176	0.681788	0.711771	0.444727	0.364937	0.463565	0.507499	0.478014	0.509749	0.990078	0.794456	0.478014	0.18561
-0.08424	-0.05056	-0.360132	-0.225849	0	0.024736	-0.220496	-0.207413	-0.366125	-0.02346	-0.24646	-0.284	-0.38529	-0.09564	0.5015	0.472777	0.633207	0.458347	0.685465	0.680267	0.518741	0.554532	0.515495	0.486253	0.77678	0.898894	0.495	-0.091339
0.25616	0.16796	-0.030774	0.060948	0.292308	0.205479	0.471124	0.041259	0.758285	0.057049	0.4393	-0.63635	0.20484	0.14322	0.449671	0.461327	0.335815	0.402755	0.49975	0.532205	0.473026	0.443492	0.456858	0.491501	0.269138	0.307039	0.323004	0.123369
-0.20648	-0.20636	0.224688	0.1005	-0.217391	-0.208792	-0.178208	0.18651	-0.409205	-0.037226	-0.801	-0.4732	-0.61329	-0.04191	0.558481	0.528967	0.487503	0.523483	0.724321	0.805182	0.558235	0.508999	0.589283	0.515745	0.869097	0.140155	0.605157	-0.011141
0.31484	0.33972	-0.015126	0.046839	0.316456	0.046357	0.504216	0.030746	0.086995	-0.019293	-0.31538	-0.15975	0.38628	0.1434	0.41096	0.413868	0.597967	0.541653	0.317562	0.190618	0.475021	0.55305	0.44448	0.487003	0.035674	0.211818	0.237217	0.038552
-0.27128	-0.2906	-0.340437	-0.228774	-0.659575	-0.344681	-0.53572	-0.238478	-0.18875	0.01582	-1.07632	-0.3632	-0.44508	-0.13773	0.577373	0.581759	0.493	0.51974	0.780914	0.565128	0.572975	0.510498	0.508249	0.49275	0.230587	0.395082	0.683088	-0.29158
0.07192	0.18612	-0.23817	-0.215361	-0.084745	0.158472	-0.335708	-0.130293	0.1442	0.053257	0.64052	-0.2451	-0.53988	0.03285	0.39055	0.38841	0.360314	0.402755	0.108612	0.17639	0.421163	0.430209	0.475021	0.503	0.019532	0.272693	0.303011	0.01409
-0.49504	-0.5964	-0.435897	-0.744102	-0.5	-0.442178	0.277924	-0.175348	-0.53939	-0.503408	-0.30442	0.60825	-0.96321	-0.45024	0.4995	0.534694	0.418241	0.420432	0.478513	0.633207	0.459837	0.473774	0.514746	0.514996	0.911493	0.34344	0.272495	-0.308763
-0.00768	0.08432	0.786888	1.03902	0.052633	0.057472	-0.242212	0.309582	0.081995	0.390341	0.34616	0.5547	0.07221	0.08487	0.326293	0.304492	0.381072	0.306613	0.423847	0.224784	0.53096	0.474023	0.438808	0.390312	0.254264	0.843565	0.156567	0.183527
0.1786	0.17216	0.046035	-0.019695	0.310344	0.2	0.136832	-0.004003	0.09821	0.068656	0.1105	0.1757	-0.05412	0.16029	0.474023	0.5025	0.734193	0.78533	0.504	0.522734	0.470783	0.553544	0.50575	0.567338	0.785667	0.828353	0.536684	0.097999
-0.35108	-0.371	0.26364	0.154599	-0.310344	-0.232143	-0.191036	0.060626	0.220015	-0.02636	0.66402	-0.01945	-0.27357	-0.26619	0.532703	0.529466	0.51924	0.490501	0.537678	0.60659	0.514496	0.49875	0.507749	0.516744	0.609926	0.626914	0.482507	-0.085759
0.3784	0.388	0.060528	0.017775	0.354838	0.131313	0.223408	0.108456	-0.15781	-0.029933	-0.31994	0.84225	-0.05532	0.28452	0.369119	0.367258	0.619164	0.566111	0.461576	0.378246	0.477765	0.514246	0.521736	0.491001	0.931884	0.490751	0.391264	0.119885
0.19032	0.2088	-0.846555	-0.646782	-0.076923	0.026087	-0.249724	-0.404978	0.107385	-0.012455	0.39038	0.0376	-0.32868	0.0948	0.594355	0.593873	0.53096	0.507	0.546119	0.560453	0.524231	0.530711	0.480011	0.490501	0.226006	0.921507	0.482507	-0.189446
0.193	0.14456	0.002712	-0.018366	0.28	-0.072727	0.208028	0.071138	-0.160285	-0.202447	-0.27822	0.52085	0.58503	0.08403	0.536933	0.541405	0.201491	0.269138	0.487003	0.513247	0.471032	0.408783	0.509499	0.49525	0.829629	0.532454	0.372151	-0.000794
-0.49288	-0.49268	-0.403071	-0.235875	-0.488373	-0.324676	-0.244736	-0.308664	0.060405	-0.035865	0.30372	-0.615	0.58755	-0.37368	0.538424	0.521986	0.501	0.49325	0.558728	0.461079	0.521986	0.509999	0.48026	0.456858	0.254264	0.828353	0.731844	-0.31667
-0.93228	-0.93024	0.891756	0.567246	-0.466666	-0.130435	0.018496	0.451682	-0.627915	0.082289	0.0761	0.3931	-0.15798	-0.60993	0.326293	0.331591	0.397714	0.433889	0.411444	0.382725	0.472029	0.463067	0.504	0.49275	0.77678	0.140155	0.740198	0.160624
-0.57576	-0.59648	-0.891756	-1.255812	0	-0.290323	0.234712	-0.33729	0.30084	-0.262393	-0.13994	1.0189	0.50319	-0.49272	0.223567	0.231297	0.756576	0.669517	0.470036	0.470534	0.501	0.566847	0.437577	0.511998	0.585162	0.765846	0.436347	-0.313807
0.09684	0.0084	1.363281	1.802874	-0.142857	0.352942	-0.027788	0.489977	0.3599	0.469661	-0.79946	0.3189	0.29403	0.19116	0.314535	0.314967	0.243792	0.209822	0.49975	0.456361	0.524979	0.444974	0.52448	0.461079	0.369584	0.958073	0.715653	0.42146
-0.74056	-0.70116	-1.226679	-1.457772	-0.2	-0.483872	0.231456	-0.42317	-0.239405	-0.452435	-0.1468	-0.03525	-0.0402	-0.67473	0.50475	0.479262	0.903087	0.940251	0.4955	0.555767	0.49575	0.601807	0.534445	0.590492	0.044617	0.734583	0.637146	-0.453521
-0.5164	-0.62428	-1.516743	-1.328484	0.2	-0.142856	0.213892	-0.509769	0.290325	-0.507882	0.3256	-0.58865	0.117	-0.45714	0.278885	0.294838	0.111848	0.082338	0.4955	0.428249	0.527223	0.407092	0.472528	0.408541	0.375662	0.477016	0.487253	-0.326313
0.93164	0.94968	2.349651	2.3973	0	0.555556	0.068632	0.837456	-0.19593	0.823174	-0.31856	0.3406	-0.52512	0.85167	0.337825	0.317995	0.26796	0.313028	0.504	0.489502	0.52822	0.456609	0.52822	0.461576	0.77678	0.140155	0.55996	0.696506
0.51264	0.59908	-0.717201	-0.58923	0.777778	0.16	-0.17132	-0.391748	-0.125425	-0.306305	-0.49026	0.96055	0.62466	0.26037	0.723122	0.718493	0.972213	0.980237	0.49975	0.569791	0.508999	0.701196	0.476517	0.659485	0.239759	0.745357	0.281102	-0.115874
-0.4628	-0.37656	-0.2625	-0.666417	-0.170732	0.09375	-0.55816	-0.245677	-0.25206	-0.019889	0.05896	-1.0497	-0.32769	-0.28176	0.624103	0.641757	0.173503	0.190002	0.58783	0.536933	0.474522	0.37075	0.485004	0.412655	0.151614	0.955765	0.763506	-0.075964
-0.08984	-0.10164	-0.451836	-0.281445	-0.096774	-0.014492	0.210052	-0.012703	0.2402	-0.205395	0.68818	-0.14335	-0.38346	-0.07443	0.345699	0.373086	0.401553	0.253506	0.470036	0.527472	0.432416	0.45934	0.474023	0.4945	0.559714	0.035094	0.357783	-0.013598
0.4306	0.11008	1.284198	1.045971	0.471699	0.190476	0.6924	0.622566	-0.010105	0.394665	-0.88078	0.46295	-0.19197	0.4104	0.450661	0.448681	0.367025	0.418727	0.487003	0.49425	0.521986	0.498	0.519989	0.466301	0.926763	0.395082	0.338049	0.406521
0.24336	0.56932	-0.983556	-0.723555	-0.238095	0	-0.625448	-0.52742	0.454395	-0.204857	-0.49904	0.1758	0.04209	0.12012	0.600848	0.507749	0.90929	0.84064	0.604201	0.574443	0.594114	0.689332	0.49675	0.578837	0.041408	0.811991	0.421163	-0.26371
-0.06784	-0.13008	0.021861	0.00834	0.2	0.082569	0.093924	-0.242437	-0.00999	-0.007107	-1.31766	-1.59075	-0.56025	-0.14721	0.548596	0.635527	0.130448	0.220974	0.436347	0.499	0.411686	0.327393	0.546119	0.449919	0.161922	0.639686	0.52448	-0.079934
-0.16572	-0.15424	0.76527	0.59199	-0.043478	-0.063063	0.264864	0.581789	0.076595	0.258797	-0.4033	-1.16545	-0.40542	0.00492	0.456361	0.439794	0.507249	0.5015	0.550329	0.541653	0.510498	0.468293	0.4965	0.497	0.017636	0.007622	0.278684	0.259363
0.5026	0.57432	-0.117501	-0.43161	0.108108	0.147542	-0.90776	-0.199722	-1.35949	-0.331097	-0.12236	-0.7344	0.29592	0.41085	0.427759	0.433153	0.79462	0.72512	0.487003	0.465803	0.534197	0.632742	0.50675	0.563161	0.249365	0.033278	0.340964	-0.02609
0.25452	0.2396	0.084255	0.327438	-0.242424	-0.102364	1.014464	0.217509	1.326685	0.289678	-0.15268	-0.18195	0.59247	0.13965	0.624103	0.638994	0.437824	0.320821	0.53345	0.583705	0.395321	0.43807	0.372151	0.420432	0.425069	0.115475	0.627148	0.057573
-0.1672	-0.12828	-0.865491	-0.61539	-0.06383	-0.151515	-0.364356	-0.455283	0.15561	-0.129551	0	0.18195	-0.58515	-0.15885	0.553791	0.547358	0.544383	0.631114	0.432171	0.437577	0.618456	0.568075	0.619399	0.562915	0.406368	0.382016	0.740198	-0.303399
-0.2214	-0.28516	0.770187	0.596124	0.137254	-0.012048	0.210352	0.414177	-0.062705	0.091552	0.65116	0.793	0.21807	-0.11208	0.425802	0.439301	0.18908	0.280093	0.487003	0.428249	0.448929	0.381544	0.516744	0.465306	0.508499	0.626914	0.271307	0.201065
-0.292	-0.1622	-0.273657	-0.395877	-0.45	-0.138888	-1.442308	-0.484772	-1.213715	-0.306096	-0.0542	-0.0586	-0.61872	-0.17766	0.410476	0.395082	0.775738	0.710333	0.529217	0.49425	0.526725	0.600128	0.489751	0.520738	0.863067	0.903784	0.597726	-0.31183
0.05844	0	0.250143	0.620904	0.266668	0.173333	1.040792	0.342298	1.577565	0.382246	0.57194	0.65635	0.07875	0.00123	0.391026	0.430454	0.375897	0.345247	0.423847	0.451652	0.355488	0.387935	0.380129	0.436101	0.469787	0.463067	0.265222	0.257816
-0.46392	-0.50308	-0.048543	-0.255642	-0.52	-0.189189	0.061332	0.016913	-0.845235	-0.162427	-0.0257	0.26535	-0.02994	-0.37176	0.49375	0.477016	0.613251	0.74725	0.53345	0.560453	0.590008	0.562177	0.663962	0.585405	0.847095	0.870682	0.538424	-0.086138
-0.58048	-0.59064	-0.039999	-0.065079	0.294117	-0.276596	0.059044	0.062562	-0.277675	0.03785	0.38688	0.72465	-0.80832	-0.40953	0.345247	0.339617	0.476268	0.376601	0.444727	0.432907	0.506	0.50375	0.395082	0.454129	0.489002	0.689118	0.4935	-0.107017
-0.10444	-0.09056	-0.592719	-0.480495	-0.22222	0.170732	0.048356	-0.332343	0.692335	-0.216171	0.31668	0.43575	-0.07932	-0.123	0.318863	0.321694	0.481009	0.470285	0.520738	0.437577	0.50575	0.516744	0.470783	0.507499	0.772239	0.898894	0.21755	-0.080806
0.81544	0.69632	0.945918	0.839145	0.61111	0.238095	0.985988	0.565889	-0.263075	0.309794	0.65714	-0.1444	0.38472	0.63873	0.447198	0.452395	0.283128	0.328936	0.482757	0.532205	0.50475	0.428004	0.570772	0.454625	0.739043	0.794456	0.474771	0.401992
-0.52248	-0.49492	-0.141546	-0.325527	-0.115385	-0.012987	-0.63274	-0.123528	-0.33216	-0.135332	0.36016	-0.4383	-0.10893	-0.39765	0.698676	0.663069	0.850687	0.807834	0.591942	0.569791	0.652716	0.679832	0.467546	0.569546	0.902736	0.395082	0.652943	-0.068258
-0.48964	-0.35564	-0.580038	-0.630129	-0.586207	-0.381818	-0.720196	-0.446922	-0.303515	-0.192072	0.1789	0.47445	-0.26388	-0.3717	0.332256	0.344795	0.419214	0.342764	0.474273	0.49425	0.391026	0.442505	0.463813	0.462322	0.785667	0.211818	0.462322	-0.41437
-0.14088	-0.24244	-0.303054	-0.178443	0.399999	-0.133332	0.645628	0.097917	0.68915	0.023749	0.44382	0.39455	-0.33348	-0.15291	0.343892	0.382488	0.255593	0.283737	0.428004	0.400592	0.41096	0.376366	0.470285	0.461327	0.663515	0.811991	0.402995	-0.017708
-0.09976	-0.05172	0.158421	-0.154332	0.200001	0.16129	-0.315192	-0.04745	-0.84888	-0.204445	-1.7004	-0.85055	-0.27057	-0.01458	0.437577	0.412897	0.399152	0.450166	0.53345	0.480011	0.576397	0.516494	0.564636	0.50225	0.843697	0.775738	0.379423	0.05692
-0.55312	-0.67712	-0.171498	-0.742575	0.125	-0.125001	0.848312	0.188684	0.76997	-0.2187	0.01608	-0.8424	-0.85959	-0.50844	0.449176	0.463316	0.550824	0.461079	0.529217	0.522734	0.458099	0.491001	0.417511	0.470783	0.002651	0.069655	0.404681	0.031842
-0.21396	-0.7238	-0.427716	0.208164	-0.5	-0.473684	-0.609708	-0.391484	-0.266385	-0.069571	-0.31824	-0.4612	-0.86538	-0.10047	0.333144	0.310239	0.445715	0.364705	0.524979	0.480011	0.625275	0.539666	0.569056	0.479012	0.521237	0.077201	0.226006	-0.432584
0.338	0.96776	0.990594	1.45731	0.099999	0.642857	-0.1398	0.400175	0.24053	0.649201	0.68082	0.1547	-0.35217	0.27369	0.420188	0.305339	0.389361	0.529715	0.423847	0.456361	0.402755	0.428983	0.470285	0.494	0.274283	0.211818	0.237217	0.521516
0.32708	0.29336	-0.782898	-0.858963	0.214286	-0.179486	-0.173716	-0.532376	-0.839385	-0.43314	-0.2828	0.0385	0.3057	0.17928	0.566111	0.70889	0.791996	0.859362	0.507999	0.583705	0.48076	0.57273	0.521986	0.608259	0.902736	0.613726	0.391264	-0.355931
0.41184	0.42504	1.062375	0.877002	0.514286	-0.230769	0.681016	0.690521	0.762845	0.403574	0.6551	-0.15445	0.25389	0.42015	0.564636	0.553544	0.247312	0.224262	0.524979	0.465803	0.478014	0.41096	0.421651	0.413625	0.289873	0.532454	0.605157	0.229876
0.19764	0.22572	-0.244419	-0.128484	-0.204546	0.836066	0.013	-0.047756	-0.09818	-0.046208	-0.38798	0.49845	1.05123	0.14265	0.589283	0.589283	0.849412	0.780229	0.647713	0.470534	0.593149	0.668409	0.565619	0.573709	0.902736	0.395082	0.59025	0.394155
0.12956	0.12836	0.11256	-0.13353	0.222223	0.054851	-0.148172	-0.05616	0.096445	0.029321	-0.03108	-0.13325	0.47046	0.07596	0.531707	0.537927	0.378011	0.441272	0.423847	0.873471	0.501	0.480011	0.487752	0.486753	0.21704	0.811991	0.817724	-0.000655
0.15908	0.25936	0.132264	0.294114	0.246576	0.125874	0.499492	0.212305	0.523085	0.095353	-0.27614	-0.5987	-0.44061	0.23316	0.512997	0.511998	0.554779	0.443986	0.583705	0.560453	0.47552	0.478763	0.507499	0.50575	0.482757	0.408541	0.672166	0.16909
-0.31604	-0.19208	-0.530208	-0.513069	-0.596492	-0.308941	-0.787736	-0.342723	-0.523945	-0.091709	-0.02402	-0.19625	0.37848	-0.28077	0.521736	0.548348	0.569546	0.624337	0.647713	0.663515	0.585405	0.592667	0.557741	0.525229	0.295254	0.154074	0.347964	-0.325832
0.52564	0.4498	0.396429	0.404523	0.566037	0.227272	0.656552	0.241838	0.333115	0.06207	0.167	0.0787	-1.1424	0.38154	0.388648	0.424336	0.27032	0.300483	0.239577	0.190618	0.372618	0.365864	0.437577	0.472528	0.489002	0.368886	0.641527	0.234555
-0.25012	-0.11828	-0.513549	-0.525429	-0.537036	-0.221721	-0.588908	-0.291808	-0.077945	-0.185465	-0.34496	-0.0393	-0.06738	-0.18066	0.623634	0.600608	0.669295	0.652263	0.734388	0.720109	0.601088	0.582732	0.534445	0.515495	0.640146	0.55996	0.164929	-0.256765
-0.56012	-0.5864	0.097053	-0.437217	-0.428571	-0.445377	-0.19504	0.051928	-0.34529	-0.206899	-0.0491	-0.257	0.2367	-0.40188	0.405645	0.443986	0.292764	0.309812	0.271703	0.282114	0.405886	0.403477	0.488502	0.453138	0.254264	0.477016	0.482507	-0.196725
-0.40888	-0.51976	-0.06183	0.348024	-0.052633	0.043478	-0.061012	-0.383395	-0.5407	-0.038402	-0.59992	0.1585	-0.60117	-0.39819	0.326293	0.323223	0.535689	0.38178	0.436347	0.26698	0.473525	0.512497	0.46083	0.464311	0.469787	0.331147	0.587102	-0.169959
-0.16916	-0.29592	-0.990345	-1.188678	-0.5	-0.142857	0.009544	-0.192329	0.46469	-0.348781	0.03478	0.1182	-0.30285	-0.24192	0.367258	0.34299	0.477266	0.589283	0.4955	0.513247	0.491501	0.427514	0.449176	0.4935	0.141973	0.613726	0.309598	-0.167593
-0.06628	-0.06736	1.688916	1.848708	0.727273	-0.038461	0.869412	0.770905	-0.07443	0.656273	0.4663	0.69765	0.30285	0.15588	0.430944	0.400592	0.252561	0.267567	0.474273	0.456361	0.50025	0.48076	0.538673	0.467048	0.534197	0.587102	0.406127	0.366222
-0.7084	-0.4762	-1.395513	-1.639011	-0.357143	-0.315789	-0.483948	-0.555283	0.03985	-0.51166	0.14802	0.0191	-0.78087	-0.54366	0.458595	0.459588	0.944695	0.920122	0.567093	0.489502	0.629949	0.743263	0.490501	0.608736	0.810613	0.882674	0.605157	-0.435536
0.41024	0.3738	0.048861	0.386439	0.181819	0.380951	-0.65096	-0.272656	-0.41709	0.151244	0.27376	0.58515	-0.18087	0.25782	0.301114	0.358703	0.075858	0.093215	0.457354	0.442259	0.418727	0.294215	0.5015	0.403717	0.622224	0.518492	0.268745	0.054148
-0.205	-0.27504	0.20319	-0.088095	-0.040001	-0.115385	0.243392	0.049515	-0.371745	-0.043454	0.5259	0.352	0.37398	-0.20619	0.582975	0.572241	0.511998	0.567829	0.516494	0.574443	0.417268	0.462322	0.461079	0.514746	0.713409	0.850687	0.448681	-0.032935
0.04776	-0.00744	1.055622	1.197126	0.384615	0.178572	0.806712	0.650518	0.77385	0.43502	-0.35276	-0.3147	0.73923	0.16353	0.423115	0.407333	0.553791	0.481259	0.4955	0.470534	0.526475	0.50475	0.469787	0.49325	0.856805	0.745357	0.622694	0.414545
0.45544	0.47768	-0.552966	-0.497613	0.393257	0.274725	-0.228876	-0.191119	-0.134925	-0.169976	-0.8208	-0.3187	0.82161	0.30558	0.489002	0.475021	0.863892	0.821127	0.562915	0.546366	0.617748	0.694236	0.560945	0.585162	0.239759	0.283737	0.731844	0.041803
0.01792	0.16092	-0.248949	-0.005742	-0.305262	-0.008696	-0.432372	-0.302647	0.246585	-0.107616	-0.57542	-0.5147	0.6843	0.0135	0.596042	0.598928	0.248991	0.316912	0.643824	0.61562	0.460085	0.416781	0.485254	0.456609	0.070831	0.283737	0.763506	-0.155672
-0.6614	-0.74108	-0.107229	-0.212745	-0.375	-0.373494	-0.370192	-0.209318	-0.524265	-0.167763	-0.53456	-0.56485	-0.86247	-0.56079	0.481259	0.518991	0.407575	0.49675	0.379187	0.49425	0.436593	0.418241	0.520988	0.478513	0.158424	0.185276	0.736722	-0.291406
-0.52368	-0.63412	-0.452133	-1.005912	-0.363635	-0.04	0.427156	-0.207113	0.412485	-0.145689	-0.8902	0.3521	0.07854	-0.48102	0.31131	0.297757	0.46456	0.435855	0.423847	0.356176	0.455369	0.466799	0.450661	0.474771	0.187856	0.169103	0.224959	-0.123557
-0.25072	-0.24652	1.071738	0.719592	0.124999	-0.199999	-0.168772	0.62081	-0.22633	0.13181	0.37582	-0.39155	-0.29442	0.02025	0.347057	0.326073	0.376601	0.301956	0.465803	0.489502	0.550081	0.478264	0.533699	0.483506	0.091955	0.734583	0.533699	0.210406
1.69132	1.2836	0.563949	1.282374	0.88	0.584416	1.455656	0.47313	0.90678	0.534002	-1.51206	-0.11865	2.00829	1.26849	0.41411	0.417511	0.829346	0.625978	0.507999	0.461079	0.477515	0.629716	0.477016	0.511748	0.72889	0.251242	0.402995	0.528773
0.95692	1.31788	-1.280415	-0.762855	-0.146341	0.031743	-0.50452	-0.703301	0.138115	-0.29865	-1.06292	-1.68035	1.17465	0.53319	0.841975	0.767634	0.800752	0.881216	0.90361	0.700567	0.75306	0.776953	0.592425	0.62668	0.026442	0.421895	0.954087	-0.335779
0.83896	0.62124	1.080555	0.880521	0.472362	0.496126	1.10072	0.722036	0.47209	0.479373	1.03976	-0.3201	1.27149	0.69687	0.725916	0.788849	0.067421	0.203267	0.351603	0.517992	0.38367	0.167006	0.515495	0.412655	0.098678	0.010603	0.878468	0.609081
-0.27032	-0.00664	-1.272291	-1.110039	-0.69855	-0.354387	-1.184812	-0.68872	-0.764795	-0.43619	-0.03494	0.2564	-0.06609	-0.21054	0.707857	0.646799	0.879425	0.839161	0.96038	0.918714	0.774168	0.852959	0.566111	0.677433	0.902736	0.307039	0.91052	-0.521554
0.28972	0.34128	-0.022125	0.164079	0.054545	0.03665	-0.211212	-0.141952	0.256055	0.02319	-0.49014	-0.2779	-0.38568	0.19464	0.397953	0.475021	0.096739	0.121532	0.016464	0.12775	0.211985	0.152775	0.39341	0.330041	0.489002	0.664854	0.474771	-0.052651
0.00648	0.12548	0.544746	0.176802	0.093751	0.074767	-0.31548	0.157698	-0.404235	0.048396	-0.38726	-0.0215	-0.36102	0.09396	0.56193	0.574443	0.4945	0.54711	0.524979	0.532205	0.460085	0.47552	0.529217	0.50375	0.264055	0.331147	0.333811	0.116233
-0.29784	-0.48672	0.571425	0.250995	-0.007196	0.004327	0.347828	0.442313	0.223995	0.171282	-0.0639	-0.6981	-1.04442	-0.16512	0.478264	0.513497	0.660158	0.557001	0.550329	0.574443	0.447939	0.526725	0.449176	0.510498	0.317128	0.490751	0.347964	0.22332
1.4446	1.38828	0.329775	0.510678	0.705128	0.418547	1.222964	0.333333	0.844635	0.239053	0.37736	-0.2669	1.11378	1.07658	0.390074	0.342314	0.734193	0.593873	0.4955	0.50375	0.55552	0.652943	0.523483	0.552308	0.476268	0.146916	0.144674	0.37594
0.52688	0.68532	-0.844812	-0.775596	-0.488807	-0.30716	-0.828676	-0.569798	-0.162835	-0.322695	-0.86284	-0.5425	-0.01734	0.28569	0.841309	0.824335	0.686542	0.734583	0.996305	0.959535	0.777127	0.737303	0.61822	0.61254	0.691683	0.34344	0.875119	-0.438479
0.84216	0.80432	0.551664	0.717177	0.472062	0.353448	0.459292	0.341981	0.560775	0.354334	0.01346	-1.75025	-0.1569	0.5793	0.641067	0.681137	0.14944	0.190002	0.011578	0.073918	0.284551	0.182127	0.470783	0.355718	0.154988	0.211818	0.498	0.347715
-0.92996	-0.90056	-0.304725	-0.45432	-0.615221	-0.359307	-0.597668	-0.201563	-0.815995	-0.244537	0.76276	0.171	-0.16917	-0.56247	0.735362	0.720109	0.731059	0.78533	0.984556	0.957262	0.611115	0.642677	0.597005	0.661727	0.514996	0.016447	0.436347	-0.280435
1.21684	1.26732	0.309108	0.368691	0.463126	0.298578	0.506944	0.236193	0.78293	0.176473	-0.27778	0.41045	-0.2034	0.91779	0.210154	0.222527	0.355947	0.290491	0.007111	0.040895	0.359163	0.403958	0.361468	0.374022	0.825922	0.600368	0.43168	0.267386
-0.0816	-0.25496	-0.482877	-0.010404	0.004017	0.116129	-0.030684	-0.344956	-0.00228	-0.012402	0.19024	-1.00145	-0.71736	-0.28011	0.821567	0.825347	0.646571	0.666189	0.934747	0.915831	0.61562	0.616094	0.627849	0.581759	0.369584	0.723722	0.417997	-0.114414
-0.416	-0.36596	-0.026766	-0.178854	-0.333334	-0.328215	-0.599068	-0.146461	-0.25796	-0.124048	0.5972	0.1986	0.72093	-0.27228	0.448681	0.393649	0.290285	0.49325	0.507999	0.796247	0.491001	0.345473	0.49725	0.491501	0.603723	0.094576	0.233796	-0.237338
-0.59164	-0.45924	0.388785	0.023346	-0.249999	-0.15894	-1.154692	0.084043	-1.471665	-0.986847	-0.62234	0.27055	-0.42255	-0.23613	0.341414	0.360775	0.489751	0.410718	0.106977	0.037363	0.366793	0.461079	0.449671	0.438316	0.785667	0.613726	0.775564	-0.037449
0.6864	0.68996	-0.380637	-0.301698	0.308756	0.250736	1.186408	0.058757	1.55991	0.98567	0.41924	0.02445	1.24647	0.41781	0.294215	0.335815	0.664408	0.509749	0.299433	0.285978	0.333366	0.520239	0.306613	0.298594	0.21704	0.652489	0.332478	0.154747
0.22228	0.10936	-0.253176	-0.809997	-0.399014	-0.399339	0.377032	0.08004	-0.225125	-0.332415	-0.39408	0.43605	-0.18816	0.09489	0.692961	0.689761	0.338721	0.37145	0.75676	0.833273	0.670843	0.516244	0.704121	0.683521	0.713409	0.518492	0.900966	-0.15965
-0.49344	-0.58244	0.813318	1.216611	-0.284212	-0.151898	-0.128988	0.226833	-0.30308	0.391598	0.05012	-0.2171	0.0447	-0.22521	0.551319	0.512997	0.411444	0.269729	0.201652	0.09104	0.579812	0.525727	0.458099	0.402033	0.311739	0.734583	0.421163	0.037468
0.32128	0.50912	-0.189456	-0.08766	0.268817	0.287233	-0.50448	-0.142889	0.28338	-0.066816	-0.17654	0.12085	0.29568	0.24132	0.319081	0.299223	0.80969	0.860686	0.386986	0.387223	0.469538	0.601328	0.449671	0.621989	0.534197	0.382016	0.525977	0.072172
0.11968	0.20492	-0.028938	0.011016	-0.063063	-0.14692	-0.791312	-0.203021	-0.28338	0.024683	0.15152	-0.04825	0.37227	0.09843	0.582975	0.638532	0.400832	0.453881	0.604201	0.735167	0.401072	0.430209	0.542398	0.470285	0.418727	0.573464	0.637146	-0.174971
0.79096	0.68392	0.033708	0.480801	0.580645	0.433962	2.011336	0.402243	1.187465	0.314584	-0.10076	-0.21835	0.26358	0.48168	0.516993	0.544631	0.485754	0.50425	0.470036	0.356176	0.387223	0.429473	0.45289	0.508249	0.585162	0.477016	0.672166	0.418103
0.08992	0.0784	0.092307	-0.220275	0.007595	0.03594	-0.763624	-0.034459	-0.281145	-0.067812	-0.29544	-0.0488	0.57582	0.14595	0.731255	0.696989	0.516744	0.75823	0.919974	0.931821	0.865297	0.678088	0.715042	0.679179	0.456858	0.382016	0.62855	0.000741
-0.1118	-0.34192	-1.325679	-1.109244	-0.468635	-0.342465	-0.229108	-0.705076	-0.00373	-0.248629	-0.0654	-0.02445	0.05577	-0.28602	0.508249	0.504	0.547605	0.360314	0.512248	0.579081	0.289667	0.478014	0.433644	0.448434	0.363547	0.477016	0.760058	-0.523771
-0.1138	0.13912	1.208748	0.935781	0.157895	0.215686	0.29724	0.637877	-0.01373	0.190025	0.56122	0.2674	0.26667	0.06555	0.437331	0.363316	0.124118	0.125428	0.103772	0.085021	0.447939	0.267763	0.49675	0.364473	0.476268	0.490751	0.533699	0.426782
0.09192	-0.01524	0.256629	-0.014052	0.229571	0.065326	-0.056432	0.159693	0.085705	-0.042437	0.07416	0.6444	0.14514	0.16824	0.436839	0.524231	0.841175	0.816228	0.612302	0.777127	0.566356	0.676777	0.49475	0.594596	0.763145	0.652489	0.637146	0.11251
0.36208	0.4174	-0.28125	-0.024909	0.045317	-0.021687	-0.006908	-0.171587	-0.139235	0.048063	0.15882	0.30445	0.17946	0.15114	0.508749	0.47178	0.63251	0.491251	0.731059	0.619871	0.485254	0.58904	0.516244	0.473525	0.54711	0.820244	0.579568	-0.096637
-0.07	0.00408	0.068478	0.071799	-0.205574	-0.02267	-0.226176	-0.039077	-0.31828	-0.048239	0.01212	0.06975	-0.02976	0.03855	0.603483	0.618692	0.356635	0.485754	0.562915	0.456361	0.49725	0.404681	0.467546	0.526725	0.591217	0.677215	0.597726	-0.030874
0.34628	0.32208	-0.053541	-0.224262	0.30699	0.034827	0.528056	0.142949	0.62161	-0.06187	-0.4582	-0.35065	-1.20222	0.17532	0.451404	0.478264	0.53345	0.536187	0.268548	0.456361	0.448434	0.482257	0.435118	0.470036	0.514996	0.546119	0.490251	0.088888
0.36644	0.38792	-0.02667	-0.022017	0.065217	-0.019609	-0.209276	-0.057236	-0.25111	-0.028618	0.06318	-0.7648	-1.78524	0.38859	0.599888	0.589283	0.474023	0.388648	0.847095	0.565128	0.625041	0.570772	0.626212	0.465803	0.284754	0.307039	0.084324	-0.038423
-0.25144	-0.24804	-0.56562	-0.441792	-0.424418	-0.215805	-0.599104	-0.421053	-0.221215	-0.064679	0.33436	-0.34215	0.28812	-0.2391	0.608974	0.613726	0.487503	0.488502	0.624337	0.461079	0.444233	0.468791	0.441026	0.484755	0.54066	0.146916	0.038531	-0.318429
-0.19336	-0.14524	0.521031	0.411858	0.12	0.05147	0.221144	0.323314	-0.04459	0.050979	0.06072	0.48735	0.04275	-0.1335	0.3858	0.389599	0.289462	0.330483	0.077415	0.205707	0.372385	0.352972	0.452147	0.470036	0.675025	0.318863	0.627148	0.187392
0.45	0.36308	-0.297333	0.006159	0.181818	0.114552	0.058252	-0.103629	0.161145	0.09846	0.20372	0.0723	-0.35997	0.27465	0.407092	0.425802	0.692748	0.654753	0.612302	0.565128	0.541901	0.597726	0.489002	0.520489	0.54066	0.755654	0.52448	0.005462
0.16972	0.0734	0.113979	0.14805	-0.08982	-0.128526	0.52254	0.249542	-0.01308	-0.038064	0.29222	0	0.1089	0.02847	0.637609	0.605157	0.378716	0.5015	0.720914	0.667744	0.510998	0.461576	0.529715	0.547853	0.616094	0.546119	0.35503	0.060508
-0.28192	-0.19328	0.259701	0.038484	-0.225806	0.141974	-0.78108	-0.132493	-0.2666	-0.004389	-0.02306	0.02405	0.23328	-0.0108	0.539418	0.5035	0.544383	0.567829	0.375194	0.313889	0.623399	0.607544	0.495	0.478014	0.663515	0.50475	0.552061	0.00474
0.7574	0.86848	0.111114	0.257994	0.471074	0.307117	0.556388	0.094645	0.66939	0.240827	-0.5823	-0.24155	0.53514	0.56805	0.374491	0.408299	0.613251	0.517992	0.278483	0.704538	0.326733	0.43561	0.445962	0.49625	0.4955	0.518492	0.605157	0.200881
0.25164	0.24016	-0.214872	-0.162117	-0.128965	-0.078825	0.058948	0.031949	0.129205	-0.134699	-0.17284	-0.36675	0.01716	0.15696	0.739428	0.765307	0.55552	0.638071	0.947846	0.957262	0.616566	0.543639	0.636453	0.654527	0.226006	0.368886	0.725717	-0.023438
0.45144	0.33464	0.264234	0.115821	0.104348	-0.18254	0.272296	0.132784	-0.15946	0.107348	0.14834	0.0738	-0.27015	0.37032	0.57273	0.567093	0.397714	0.407092	0.261923	0.274482	0.513747	0.516494	0.529715	0.401072	0.418727	0.307039	0.513497	-0.024878
0.30896	0.19328	0.307044	0.327426	0.208723	0.337621	0.383844	0.193775	0.52323	0.140312	-0.13588	-0.1231	0.06975	0.15159	0.648625	0.603483	0.627382	0.563407	0.692748	0.148047	0.572241	0.582003	0.458347	0.574198	0.585162	0.546119	0.386749	0.265698
-0.21192	-0.00488	-0.211704	-0.269475	-0.368607	-0.152354	-0.853532	-0.336936	-0.39286	-0.076632	0.1236	-0.3229	0.34389	-0.10785	0.598447	0.551566	0.675682	0.701196	0.906531	0.981693	0.619399	0.663739	0.633671	0.624103	0.437824	0.43561	0.536684	-0.244645
-0.3788	-0.36988	-0.574188	-0.608724	-0.376923	-0.283019	-0.25496	-0.216355	-0.017545	-0.24914	-0.04926	0.0749	-0.08523	-0.255	0.393172	0.475021	0.372852	0.326513	0.028004	0.109877	0.270715	0.257501	0.392218	0.424824	0.572486	0.331147	0.655657	-0.249687
0.41024	0.3784	-0.033102	0.314289	0.276785	0.273885	0.084048	-0.073355	0.34021	0.218187	0.43478	0.63975	-0.05139	0.21402	0.333588	0.340066	0.249553	0.225482	0.159226	0.071359	0.444727	0.408058	0.49325	0.327393	0.482757	0.546119	0.467048	0.100265
-0.08476	-0.04508	0.416217	0.446538	0.10063	-0.020408	0.17114	0.242203	-0.122375	0.048	0.24518	0.33785	-0.90846	-0.00366	0.634831	0.620577	0.487503	0.636221	0.740775	0.920122	0.516244	0.476767	0.58783	0.644282	0.723722	0.811991	0.482507	0.110898
-0.24792	-0.2578	0.112692	-0.184503	-0.090344	-0.136095	-0.114864	0.037763	-0.01155	0.009701	-0.03466	0.42775	-0.01095	-0.15957	0.442999	0.459588	0.675682	0.738077	0.632045	0.442259	0.536187	0.591217	0.463565	0.54066	0.640146	0.689118	0.171931	-0.049166
0.82792	0.81584	-0.490041	-0.360693	0.143696	0.184358	0.352352	-0.067264	0.50333	-0.087193	0.10362	0.11755	0.15603	0.58317	0.380836	0.379894	0.558481	0.38438	0.379187	0.211818	0.473525	0.518242	0.4945	0.507499	0.489002	0.734583	0.50125	0.058547
0.1234	0.16892	0.098685	0.21075	-0.1747	-0.162705	-0.293968	0.051445	-0.2054	0.114005	0.28232	-0.3305	0.28605	0.1131	0.774168	0.766025	0.287	0.316912	0.696355	0.867036	0.581273	0.467297	0.64497	0.423603	0.566111	0.573464	0.571996	-0.05563
-0.24164	-0.2676	0.296208	0.115257	-0.21239	-0.27933	-0.430372	-0.088873	-0.751705	-0.140621	0.12174	0.26005	-0.26082	-0.1566	0.526974	0.544631	0.539666	0.602526	0.271703	0.155382	0.429228	0.523982	0.432662	0.598688	0.663515	0.318863	0.627148	-0.184102
-0.08676	-0.098	-0.618147	-0.51891	-0.280575	-0.131579	0.042848	-0.289623	-0.035205	-0.268928	0.011	0.3271	0.34908	-0.13941	0.379894	0.372618	0.633207	0.562423	0.306613	0.129882	0.413868	0.45934	0.308317	0.378481	0.578837	0.652489	0.394126	-0.210601
-0.224	-0.35288	-0.461538	-0.388653	-0.204819	-0.171596	-0.10364	-0.365181	-0.19551	-0.179625	-0.03302	0.55095	-0.1344	-0.2526	0.441519	0.438316	0.261729	0.263278	0.340066	0.360545	0.50675	0.407575	0.489751	0.345021	0.514996	0.689118	0.652943	-0.268389
0.36284	0.52584	0.824178	0.720624	0.492308	0.32367	0.172412	0.491133	0.297105	0.275548	0.13144	0.24855	0.04611	0.41418	0.388173	0.343892	0.369817	0.36216	0.428004	0.364937	0.48051	0.438808	0.455865	0.433153	0.489002	0.794456	0.44695	0.407402
-0.48488	-0.8366	-1.20726	-1.580529	-0.701755	-0.574712	0.643304	-0.317439	-0.24807	-0.318105	-0.0655	-0.11265	-0.05322	-0.57294	0.620577	0.676121	0.752315	0.766204	0.74725	0.7804	0.529964	0.600848	0.562423	0.610639	0.585162	0.652489	0.525977	-0.446076
-0.38544	-0.07568	1.224126	1.361346	-0.030302	0.159091	-0.671776	0.394684	-0.54692	0.135904	0.24878	0.44765	-0.44367	-0.07584	0.294215	0.197816	0.18573	0.10631	0.204403	0.129882	0.639455	0.425069	0.442999	0.373788	0.469787	0.43561	0.482507	0.276888
0.08876	0.08188	0.208593	0.443349	0.179486	0	0.114252	0.111368	0.070305	0.206511	0.22188	0.5485	0.09852	0.03891	0.331369	0.448187	0.819653	0.829063	0.4955	0.565128	0.353658	0.603244	0.395799	0.541157	0.652036	0.755654	0.323004	0.055684
0.20436	0.20568	-0.352626	-0.617076	0.148149	-0.073684	-0.39422	-0.173395	0.00517	-0.307352	-0.14736	0.28055	0.19155	0.1674	0.510998	0.508249	0.596523	0.705785	0.529217	0.499	0.520738	0.546119	0.509749	0.590734	0.640146	0.803292	0.547605	-0.12354
-0.25856	-0.36728	0.251994	0.221715	-0.476191	0.043478	0.089552	0.129653	0.251545	0.303059	-0.26868	-0.8068	-0.02517	-0.16926	0.556754	0.555767	0.347284	0.236494	0.53345	0.465803	0.428983	0.431435	0.4985	0.372852	0.418727	0.677215	0.587102	0.086566
0.35572	0.4882	0.112683	0.372696	0.639345	0.111111	-0.07772	-0.014214	-0.24486	0.008269	0.10834	-0.2226	0.01797	0.26226	0.377306	0.341864	0.607067	0.587587	0.415567	0.517992	0.513747	0.548348	0.543639	0.621754	0.351603	0.115475	0.495	0.048449
0.32448	0.32616	-0.363531	-0.260406	0.173553	0.19463	0.54454	-0.089288	0.277695	-0.088868	-0.07572	0.7489	-0.10095	0.17355	0.614673	0.658811	0.554779	0.675902	0.65926	0.555767	0.486004	0.49375	0.45289	0.503	0.572486	0.368886	0.513497	0.052671
-0.14356	-0.30424	0.446154	-0.090543	-0.290908	-0.092025	-0.064096	0.266553	0.15622	0.069918	-0.1863	-0.32765	-0.33651	-0.06033	0.604918	0.603483	0.342314	0.367955	0.58783	0.633207	0.599888	0.465803	0.548596	0.453634	0.463316	0.870682	0.462322	0.087264
0.42764	0.53892	-0.373116	0.070899	0.338984	0.103033	0.418468	-0.16499	1.141615	0.099012	-0.05546	-0.1987	0.27489	0.29127	0.419214	0.361237	0.696143	0.457602	0.367258	0.428249	0.485504	0.622694	0.528967	0.532952	0.400112	0.307039	0.366329	-0.030979
-0.34856	-0.38864	-0.386055	-0.615261	-0.476636	-0.130434	-0.544256	-0.352003	-1.303305	-0.425938	-0.29346	-0.17795	-0.2934	-0.30753	0.645656	0.681137	0.330262	0.530711	0.663069	0.579081	0.594355	0.416052	0.771359	0.556261	0.476268	0.382016	0.619871	-0.241219
0.45756	0.55724	0.669231	0.916662	0.656442	0.102562	0.751216	0.472215	0.64775	0.411907	-0.01146	-0.24675	-0.28416	0.42123	0.340515	0.330041	0.361698	0.278483	0.295879	0.400592	0.379423	0.390074	0.202136	0.314967	0.345925	0.395082	0.383906	0.287389
-0.13016	-0.13316	-0.335664	-0.544938	-0.551724	-0.237409	-0.731152	-0.261938	-0.50295	-0.168573	0.12536	-0.11295	0.04899	-0.08277	0.657461	0.688904	0.751196	0.833134	0.859845	0.574443	0.671064	0.675244	0.63784	0.673047	0.502	0.356176	0.389836	-0.249674
-0.3274	-0.50276	-0.376665	-0.092637	-0.098592	0.070177	0.491056	0.002179	0.208245	-0.156469	-0.2291	0.53765	-0.17025	-0.34932	0.423603	0.423847	0.352287	0.256355	0.16383	0.347511	0.330705	0.383197	0.38509	0.409508	0.578837	0.43561	0.525977	0.036178
-0.24548	-0.21328	-0.025551	-0.054906	-0.122806	-0.257733	-0.2421	-0.249451	-0.31833	0.039133	0.0347	-0.2674	-0.24939	-0.23502	0.348418	0.291316	0.36842	0.463067	0.470036	0.536933	0.606828	0.50025	0.54215	0.438562	0.381544	0.794456	0.436347	-0.253592
-0.21544	-0.12412	-0.010341	-0.143871	-0.136363	-0.142857	-0.237504	0.080274	-0.133235	-0.152301	-0.29292	0.4	-0.26148	-0.08562	0.380365	0.39556	0.492251	0.478513	0.470036	0.382725	0.442012	0.432907	0.431435	0.511498	0.527722	0.34344	0.406127	-0.031292
